2 0.925 0.5875 0.15 0.15
2 0.309375 0.53046875 0.06796875 0.12109375
2 0.70078125 0.3328125 0.0859375 0.0859375
2 0.76796875 0.41484375 0.09375 0.09609375
2 0.96640625 0.190625 0.05859375 0.0421875
2 0.6109375 0.33984375 0.07890625 0.07109375
2 0.840625 0.40859375 0.09375 0.0953125
2 0.31171875 0.38828125 0.04765625 0.08828125
3 0.8 0.56640625 0.06640625 0.08984375
2 0.98125 0.21953125 0.03515625 0.04453125
2 0.39453125 0.3859375 0.04765625 0.0953125
2 0.30234375 0.30859375 0.04296875 0.059375
4 0.90390625 0.303125 0.01796875 0.0578125
2 0.24296875 0.23828125 0.046875 0.0421875
2 0.5296875 0.271875 0.05625 0.0859375
3 0.71796875 0.44375 0.04609375 0.07578125
2 0.35625 0.271875 0.03828125 0.04765625
2 0.296875 0.26015625 0.03984375 0.04921875
5 0.821875 0.0609375 0.0125 0.0140625
2 0.97890625 0.32109375 0.0421875 0.1140625
3 0.234375 0.38515625 0.059375 0.05234375
2 0.37890625 0.31171875 0.040625 0.05
5 0.621875 0.06484375 0.0125 0.02109375
5 0.90703125 0.0875 0.0125 0.021875
5 0.30390625 0.0765625 0.0109375 0.01875
4 0.7453125 0.20625 0.01328125 0.0375
4 0.7984375 0.5125 0.03515625 0.04765625
4 0.89375 0.49921875 0.02890625 0.034375
2 0.45625 0.1953125 0.03203125 0.0484375
2 0.2375 0.19921875 0.040625 0.03125
2 0.60234375 0.28515625 0.059375 0.0578125
1 0.3671875 0.15 0.04921875 0.065625
2 0.2421875 0.2109375 0.04921875 0.053125