2 0.93203125 0.51484375 0.1359375 0.13203125
1 0.640625 0.478125 0.35390625 0.4
2 0.921875 0.4265625 0.134375 0.109375
2 0.76796875 0.37265625 0.09609375 0.09375
2 0.4078125 0.4484375 0.05859375 0.1078125
2 0.96796875 0.18671875 0.05859375 0.040625
1 0.30546875 0.390625 0.0515625 0.1171875
2 0.3828125 0.34453125 0.04921875 0.07109375
2 0.9828125 0.21484375 0.03359375 0.04140625
2 0.26640625 0.2328125 0.0625 0.05625
2 0.665625 0.3625 0.08515625 0.06953125
2 0.3109375 0.29765625 0.0375 0.059375
2 0.1234375 0.221875 0.05703125 0.04765625
2 0.3546875 0.26953125 0.03515625 0.0609375
5 0.50859375 0.05859375 0.01328125 0.01796875
2 0.6390625 0.31328125 0.08984375 0.071875
2 0.32578125 0.2421875 0.0375 0.040625
2 0.9796875 0.3140625 0.040625 0.1265625
2 0.571875 0.2515625 0.05625 0.05859375
1 0.36953125 0.14609375 0.05078125 0.06171875
3 0.2328125 0.38515625 0.05390625 0.05078125
2 0.48515625 0.23125 0.03359375 0.04609375
2 0.9765625 0.19765625 0.04609375 0.05390625
5 0.6859375 0.05546875 0.01328125 0.0171875
2 0.29296875 0.2578125 0.03515625 0.053125
2 0.65234375 0.33828125 0.109375 0.115625
2 0.203125 0.2015625 0.05625 0.034375
5 0.821875 0.05859375 0.01171875 0.0140625
4 0.67890625 0.24296875 0.02578125 0.065625
5 0.30390625 0.07421875 0.01171875 0.01640625
2 0.51640625 0.2140625 0.04140625 0.05390625
5 0.621875 0.06171875 0.015625 0.025
5 0.9078125 0.0859375 0.0109375 0.021875
4 0.24453125 0.353125 0.02734375 0.04140625