1 0.4125 0.7265625 0.08515625 0.203125
2 0.309375 0.5078125 0.0671875 0.11328125
2 0.85703125 0.41953125 0.10234375 0.096875
2 0.62109375 0.34453125 0.08203125 0.07578125
2 0.7109375 0.33671875 0.08828125 0.0921875
2 0.96640625 0.18828125 0.05859375 0.04140625
2 0.9421875 0.60546875 0.115625 0.16015625
1 0.94921875 0.484375 0.1015625 0.1984375
2 0.78359375 0.4265625 0.08984375 0.09453125
2 0.3015625 0.303125 0.040625 0.05859375
2 0.390625 0.371875 0.046875 0.0859375
2 0.29453125 0.25625 0.04296875 0.0484375
2 0.98125 0.21953125 0.03515625 0.0453125
3 0.8453125 0.5921875 0.0640625 0.07265625
5 0.4109375 0.2578125 0.0234375 0.05625
4 0.91328125 0.31328125 0.02109375 0.05859375
2 0.22421875 0.2375 0.0515625 0.0359375
5 0.821875 0.0609375 0.01328125 0.01328125
2 0.53515625 0.2828125 0.059375 0.08046875
2 0.31171875 0.37265625 0.046875 0.0828125
3 0.2375 0.38828125 0.05390625 0.04453125
2 0.978125 0.31953125 0.04375 0.1140625
5 0.621875 0.06484375 0.01328125 0.02109375
5 0.30390625 0.0765625 0.01171875 0.01875
4 0.85 0.54453125 0.03828125 0.05390625
2 0.378125 0.30625 0.03671875 0.04140625
2 0.2265625 0.20078125 0.046875 0.03046875
3 0.74765625 0.459375 0.05 0.08046875
4 0.23515625 0.35859375 0.0265625 0.0359375
5 0.90703125 0.0875 0.0125 0.021875
4 0.8484375 0.55859375 0.04921875 0.07734375
2 0.6109375 0.2921875 0.0609375 0.059375
2 0.35703125 0.26796875 0.0375 0.0484375
3 0.23828125 0.37265625 0.04609375 0.06015625
2 0.4609375 0.19921875 0.03359375 0.04453125
2 0.16484375 0.88828125 0.1875 0.2203125
2 0.2390625 0.2328125 0.02890625 0.03671875