1 0.5234375 0.3765625 0.21484375 0.28046875
1 0.35546875 0.5765625 0.0703125 0.14375
2 0.74609375 0.4046875 0.0953125 0.09609375
2 0.82109375 0.39921875 0.103125 0.103125
2 0.6859375 0.33984375 0.09609375 0.0796875
2 0.96328125 0.46171875 0.0734375 0.128125
2 0.38984375 0.37890625 0.0515625 0.084375
2 0.36796875 0.30703125 0.04765625 0.06328125
2 0.98203125 0.21484375 0.034375 0.04140625
2 0.9671875 0.18671875 0.05625 0.04140625
2 0.63359375 0.2859375 0.06953125 0.0625
2 0.215625 0.228125 0.0546875 0.046875
5 0.50859375 0.0578125 0.0140625 0.01875
2 0.28046875 0.2453125 0.04453125 0.0484375
2 0.53828125 0.271875 0.06328125 0.06171875
2 0.51953125 0.21640625 0.046875 0.05859375
1 0.36484375 0.14609375 0.0421875 0.0625
2 0.575 0.25390625 0.0484375 0.05703125
3 0.7359375 0.4953125 0.03828125 0.0578125
5 0.6859375 0.05390625 0.0140625 0.01953125
2 0.30390625 0.2671875 0.0328125 0.04375
2 0.9796875 0.33984375 0.040625 0.07734375
2 0.29296875 0.2296875 0.05390625 0.046875
2 0.34375 0.246875 0.03671875 0.053125
2 0.42734375 0.15625 0.0234375 0.03046875
2 0.1796875 0.20390625 0.0546875 0.03125
2 0.459375 0.15546875 0.02265625 0.02890625
2 0.23046875 0.384375 0.05625 0.05
5 0.62265625 0.0546875 0.01328125 0.01640625
5 0.90703125 0.084375 0.0109375 0.021875
4 0.24453125 0.35390625 0.02578125 0.04296875
5 0.82109375 0.05625 0.01328125 0.01484375
4 0.734375 0.3015625 0.021875 0.06328125
2 0.29453125 0.25625 0.05234375 0.0578125