2 0.41484375 0.66484375 0.078125 0.16875
1 0.2796875 0.5421875 0.0875 0.17421875
1 0.8546875 0.721875 0.28671875 0.55390625
2 0.8109375 0.38359375 0.10859375 0.109375
2 0.71328125 0.39296875 0.1 0.09296875
2 0.40546875 0.46015625 0.06171875 0.10546875
2 0.96640625 0.18984375 0.059375 0.04140625
2 0.684375 0.3296875 0.07109375 0.06328125
2 0.96328125 0.45859375 0.06953125 0.06796875
2 0.5875 0.31484375 0.0734375 0.07265625
2 0.23046875 0.23515625 0.0515625 0.03828125
2 0.32109375 0.35859375 0.04296875 0.0765625
2 0.98203125 0.21875 0.03515625 0.04375
2 0.96875 0.51875 0.0609375 0.12734375
2 0.30703125 0.303125 0.03984375 0.0515625
2 0.18359375 0.20859375 0.05859375 0.034375
2 0.9796875 0.31484375 0.040625 0.13828125
3 0.23515625 0.38671875 0.059375 0.0484375
2 0.61328125 0.2765625 0.0578125 0.06015625
5 0.821875 0.0609375 0.01171875 0.01328125
2 0.5078125 0.28359375 0.05 0.05546875
5 0.50859375 0.06015625 0.0140625 0.015625
2 0.371875 0.31171875 0.04375 0.071875
2 0.55234375 0.2390625 0.04453125 0.0453125
2 0.471875 0.21953125 0.03671875 0.046875
5 0.3046875 0.07578125 0.0109375 0.01796875
5 0.6234375 0.06171875 0.0140625 0.01796875
2 0.32734375 0.24296875 0.0375 0.0390625
2 0.2921875 0.25390625 0.03671875 0.03984375
2 0.5796875 0.2828125 0.07265625 0.05859375
5 0.68671875 0.06171875 0.01328125 0.01953125
5 0.9078125 0.0859375 0.01171875 0.02109375
1 0.3703125 0.14609375 0.05546875 0.0703125
4 0.2359375 0.35703125 0.0296875 0.03671875