1 0.57734375 0.4265625 0.28125 0.33671875
2 0.94296875 0.4390625 0.1140625 0.109375
2 0.79296875 0.384375 0.0953125 0.09609375
1 0.36171875 0.66640625 0.08125 0.17734375
2 0.69921875 0.3828125 0.09140625 0.0875
2 0.97265625 0.53515625 0.053125 0.10390625
2 0.3953125 0.40625 0.059375 0.09609375
2 0.98203125 0.21484375 0.034375 0.04140625
2 0.9671875 0.18671875 0.05703125 0.03984375
2 0.6640625 0.32578125 0.09375 0.075
2 0.37421875 0.32734375 0.0484375 0.06640625
2 0.35 0.259375 0.0390625 0.05703125
2 0.57421875 0.253125 0.04765625 0.06015625
2 0.3078125 0.28203125 0.0359375 0.05390625
5 0.6859375 0.05546875 0.01484375 0.0203125
5 0.50859375 0.0578125 0.01484375 0.01796875
1 0.365625 0.146875 0.0453125 0.06171875
2 0.28828125 0.25 0.0375 0.0484375
2 0.9796875 0.33828125 0.03984375 0.08828125
3 0.23125 0.38515625 0.0546875 0.04921875
2 0.2515625 0.23046875 0.040625 0.05234375
4 0.24375 0.35390625 0.025 0.0421875
2 0.19765625 0.20546875 0.05703125 0.03203125
5 0.9078125 0.08515625 0.0109375 0.02265625
2 0.62890625 0.2796875 0.06953125 0.05546875
5 0.62265625 0.05625 0.0125 0.01953125
5 0.82109375 0.05703125 0.0125 0.0140625
2 0.428125 0.15703125 0.02421875 0.0265625
2 0.31484375 0.234375 0.04296875 0.04140625
2 0.096875 0.21484375 0.06796875 0.03203125
4 0.73125 0.3046875 0.02265625 0.071875