2 0.4140625 0.5125 0.0640625 0.125
2 0.87421875 0.4125 0.13359375 0.12734375
2 0.73515625 0.3578125 0.0875 0.08515625
1 0.30078125 0.4390625 0.0609375 0.13515625
2 0.83203125 0.45859375 0.125 0.1125
2 0.3921875 0.384375 0.0546875 0.08359375
2 0.9671875 0.18984375 0.05859375 0.040625
2 0.1578125 0.22421875 0.07421875 0.04296875
1 0.76171875 0.61015625 0.475 0.596875
2 0.31484375 0.31640625 0.03828125 0.05859375
2 0.98203125 0.21796875 0.034375 0.04296875
2 0.36015625 0.2875 0.03828125 0.0671875
2 0.62890625 0.3390625 0.0828125 0.0796875
5 0.821875 0.06015625 0.01171875 0.0140625
2 0.97890625 0.31328125 0.0421875 0.1265625
2 0.56875 0.25 0.05625 0.0546875
5 0.50859375 0.06015625 0.0140625 0.015625