2 0.259375 0.8 0.1078125 0.20703125
2 0.74609375 0.48828125 0.13359375 0.12578125
1 0.8046875 0.40625 0.13828125 0.16015625
2 0.2890625 0.5140625 0.06875 0.1109375
2 0.96015625 0.503125 0.0765625 0.103125
2 0.978125 0.6140625 0.0421875 0.1125
2 0.9671875 0.1875 0.059375 0.0421875
2 0.6765625 0.36875 0.071875 0.07890625
2 0.20234375 0.234375 0.05859375 0.0421875
2 0.3984375 0.4953125 0.059375 0.125
2 0.9390625 0.43046875 0.1109375 0.07890625
2 0.39921875 0.38046875 0.0453125 0.07578125
2 0.98125 0.21875 0.03515625 0.04609375
2 0.37265625 0.30703125 0.04453125 0.0609375
2 0.5578125 0.30859375 0.06328125 0.065625
2 0.3046875 0.2796875 0.0421875 0.0921875
2 0.48828125 0.259375 0.0515625 0.05
2 0.303125 0.37421875 0.05 0.08828125
2 0.65234375 0.303125 0.078125 0.071875
2 0.97890625 0.31640625 0.0421875 0.1140625
2 0.6203125 0.41015625 0.03203125 0.08515625
4 0.85078125 0.24140625 0.0140625 0.04453125
2 0.578125 0.2765625 0.04921875 0.05703125
3 0.23359375 0.3890625 0.053125 0.046875
5 0.30390625 0.0765625 0.01171875 0.01796875
2 0.3984375 0.16015625 0.03125 0.03828125
1 0.3640625 0.15234375 0.04375 0.06015625
5 0.821875 0.0609375 0.0109375 0.0125
5 0.621875 0.06484375 0.0140625 0.02109375
5 0.36015625 0.2171875 0.025 0.0484375
1 0.44140625 0.2140625 0.03359375 0.065625
4 0.23828125 0.3578125 0.03203125 0.0359375
4 0.68671875 0.8421875 0.040625 0.1375
3 0.2375 0.3703125 0.046875 0.0625
2 0.44296875 0.13046875 0.0203125 0.0234375
2 0.73671875 0.35625 0.04765625 0.06328125