2 0.22734375 0.7640625 0.13359375 0.26875
1 0.415625 0.6046875 0.07265625 0.15078125
2 0.39921875 0.91796875 0.12578125 0.159375
1 0.32109375 0.45078125 0.0515625 0.09765625
2 0.74375 0.3546875 0.09453125 0.09609375
2 0.90703125 0.43828125 0.128125 0.1046875
2 0.64296875 0.35625 0.09140625 0.08203125
2 0.96640625 0.1875 0.0578125 0.04140625
2 0.1890625 0.23046875 0.05546875 0.03984375
2 0.98125 0.21875 0.03515625 0.0453125
2 0.3828125 0.3453125 0.04765625 0.0859375
2 0.846875 0.45625 0.09765625 0.10703125
2 0.55625 0.2984375 0.0625 0.0703125
3 0.8359375 0.50546875 0.059375 0.08515625
2 0.31171875 0.3421875 0.04140625 0.06953125
2 0.4859375 0.26796875 0.0453125 0.05390625
2 0.27890625 0.24765625 0.04453125 0.04375
2 0.62890625 0.3015625 0.0640625 0.059375
5 0.821875 0.0609375 0.0125 0.01328125
2 0.34765625 0.26015625 0.03828125 0.04765625
5 0.3046875 0.0765625 0.01171875 0.01875
2 0.2171875 0.2015625 0.0484375 0.0328125
2 0.9796875 0.3265625 0.040625 0.11484375
5 0.621875 0.0640625 0.01328125 0.01953125
2 0.30078125 0.28828125 0.04140625 0.05703125
5 0.68671875 0.05859375 0.0125 0.0171875
2 0.371875 0.2890625 0.0359375 0.0390625
5 0.9078125 0.08671875 0.0125 0.02109375
4 0.9546875 0.34921875 0.02265625 0.0609375
3 0.234375 0.3875 0.0546875 0.04765625
5 0.6859375 0.065625 0.0140625 0.0265625
1 0.365625 0.14921875 0.04453125 0.065625
3 0.9796875 0.6703125 0.040625 0.071875
2 0.5921875 0.2625 0.05390625 0.05546875
4 0.74140625 0.22265625 0.0140625 0.040625
3 0.96875 0.34375 0.05859375 0.084375