2 0.859375 0.41484375 0.109375 0.11015625
2 0.71328125 0.35234375 0.103125 0.0890625
2 0.80703125 0.44296875 0.11640625 0.1046875
2 0.621875 0.3546875 0.08828125 0.0859375
2 0.3515625 0.49921875 0.06328125 0.1171875
1 0.48984375 0.34453125 0.16796875 0.22109375
1 0.303125 0.3171875 0.04453125 0.090625
2 0.98203125 0.2140625 0.034375 0.0421875
2 0.9671875 0.1859375 0.05390625 0.0421875
2 0.37890625 0.35078125 0.0515625 0.07734375
2 0.55234375 0.28359375 0.0640625 0.06171875
2 0.36328125 0.29296875 0.04375 0.05390625
2 0.26875 0.2390625 0.046875 0.0484375
5 0.5078125 0.0578125 0.01484375 0.0171875
4 0.653125 0.95859375 0.08828125 0.08203125
2 0.58359375 0.2578125 0.05078125 0.05859375
2 0.64609375 0.29140625 0.07109375 0.06796875
2 0.33125 0.240625 0.0359375 0.05234375
2 0.97890625 0.3171875 0.0421875 0.115625
2 0.04765625 0.21640625 0.046875 0.03203125
1 0.3640625 0.146875 0.04453125 0.0625
5 0.2046875 0.10703125 0.01015625 0.02109375
2 0.0109375 0.22578125 0.021875 0.03125
5 0.6859375 0.05390625 0.0140625 0.01953125
2 0.80625 0.51171875 0.075 0.1171875
5 0.90703125 0.084375 0.01171875 0.02421875
2 0.9921875 0.471875 0.015625 0.09765625
3 0.23359375 0.38515625 0.05859375 0.04921875
2 0.44765625 0.19765625 0.0265625 0.04296875
2 0.0203125 0.22578125 0.040625 0.03203125
5 0.82109375 0.05625 0.01328125 0.01484375
4 0.2453125 0.3546875 0.02734375 0.04375
2 0.42734375 0.15703125 0.0234375 0.02890625
2 0.459375 0.15703125 0.021875 0.0296875
2 0.52734375 0.22578125 0.04140625 0.05546875