2 0.4140625 0.58984375 0.06875 0.146875
2 0.8375 0.39765625 0.1171875 0.11640625
2 0.29140625 0.49140625 0.07265625 0.153125
2 0.3984375 0.42109375 0.05625 0.090625
2 0.75625 0.41796875 0.10703125 0.09453125
2 0.70859375 0.34453125 0.08046875 0.07421875
1 0.80546875 0.6890625 0.3875 0.621875
2 0.60703125 0.328125 0.07265625 0.07890625
2 0.96640625 0.190625 0.05859375 0.040625
2 0.98125 0.21953125 0.03515625 0.04296875
2 0.20625 0.234375 0.05703125 0.0359375
2 0.5203125 0.29453125 0.0578125 0.0578125
2 0.36640625 0.2984375 0.04296875 0.07265625
2 0.3171875 0.33828125 0.04140625 0.0703125
3 0.23203125 0.384375 0.059375 0.05234375
2 0.9890625 0.4796875 0.021875 0.06875
2 0.97890625 0.3171875 0.0421875 0.128125
5 0.50859375 0.06328125 0.0140625 0.0171875
5 0.30390625 0.0765625 0.01015625 0.0171875
5 0.62265625 0.06328125 0.0125 0.0203125
2 0.62421875 0.28203125 0.0484375 0.059375
2 0.16875 0.20859375 0.05703125 0.03359375
2 0.31875 0.23984375 0.0453125 0.04296875
5 0.821875 0.0609375 0.01171875 0.01328125
2 0.5578125 0.2453125 0.04453125 0.04921875
2 0.584375 0.2875 0.0640625 0.0609375
2 0.47734375 0.22109375 0.03359375 0.0484375
1 0.36640625 0.14765625 0.04765625 0.06875
2 0.3046875 0.28671875 0.03828125 0.05390625
5 0.9078125 0.08671875 0.01171875 0.02265625
2 0.2859375 0.25078125 0.04375 0.053125
5 0.6859375 0.06328125 0.0140625 0.021875
4 0.834375 0.16953125 0.0140625 0.03125
4 0.77421875 0.15625 0.0125 0.02578125
4 0.23671875 0.3578125 0.0296875 0.0375
2 0.30625 0.2453125 0.0625 0.05234375
2 0.50625 0.1984375 0.03203125 0.03125