2 0.41015625 0.7625 0.0890625 0.21328125
2 0.9328125 0.5953125 0.134375 0.14921875
2 0.30859375 0.521875 0.0671875 0.1125
2 0.70390625 0.334375 0.08671875 0.0890625
2 0.940625 0.46484375 0.11875 0.1671875
2 0.84375 0.41328125 0.090625 0.0953125
2 0.775 0.41875 0.090625 0.09609375
2 0.96640625 0.190625 0.0578125 0.04140625
2 0.6140625 0.34140625 0.078125 0.07265625
2 0.39296875 0.37890625 0.0453125 0.08984375
3 0.81796875 0.578125 0.06796875 0.07578125
2 0.98125 0.21875 0.03515625 0.04609375
2 0.30234375 0.30703125 0.04140625 0.059375
2 0.31171875 0.3859375 0.046875 0.07890625
2 0.29609375 0.259375 0.03984375 0.04609375
3 0.728125 0.45390625 0.0484375 0.0734375
2 0.97890625 0.32109375 0.0421875 0.1140625
2 0.53125 0.2734375 0.05859375 0.08515625
2 0.37890625 0.3078125 0.0375 0.04609375
4 0.9078125 0.30546875 0.01796875 0.0546875
5 0.821875 0.0609375 0.01171875 0.01328125
5 0.621875 0.06484375 0.0125 0.02109375
3 0.2359375 0.38828125 0.0546875 0.0453125
4 0.90859375 0.509375 0.025 0.03046875
5 0.3046875 0.0765625 0.01171875 0.01875
2 0.35703125 0.26953125 0.03984375 0.05234375
4 0.74453125 0.209375 0.01328125 0.0390625
5 0.90703125 0.0875 0.0125 0.021875
2 0.2453125 0.23359375 0.03515625 0.03984375
4 0.81796875 0.5296875 0.03984375 0.05546875
5 0.40703125 0.25625 0.02109375 0.05625
2 0.23125 0.23515625 0.0546875 0.04296875
2 0.23046875 0.1984375 0.03984375 0.03203125
1 0.36640625 0.1484375 0.0484375 0.06953125
5 0.68671875 0.05859375 0.0125 0.01640625
5 0.68671875 0.065625 0.0140625 0.0265625