2 0.93515625 0.6 0.1296875 0.16015625
2 0.275 0.5828125 0.0828125 0.13671875
2 0.70078125 0.45859375 0.11171875 0.11171875
2 0.3953125 0.55390625 0.06328125 0.1390625
2 0.9375 0.49140625 0.125 0.12421875
2 0.89140625 0.40703125 0.11484375 0.0765625
2 0.96640625 0.18984375 0.0578125 0.04296875
2 0.29921875 0.409375 0.05703125 0.10078125
2 0.3984375 0.415625 0.0484375 0.08671875
2 0.13984375 0.2296875 0.04921875 0.0375
2 0.2359375 0.2390625 0.05546875 0.0390625
2 0.646875 0.3546875 0.065625 0.07109375
2 0.98125 0.21953125 0.0359375 0.0453125
2 0.378125 0.3296875 0.0453125 0.0640625
2 0.54140625 0.2984375 0.059375 0.06015625
2 0.221875 0.93671875 0.13125 0.12578125
2 0.30859375 0.315625 0.040625 0.06484375
2 0.978125 0.315625 0.04375 0.125
2 0.56796875 0.26796875 0.0515625 0.0578125
5 0.34453125 0.20625 0.0203125 0.03515625
3 0.234375 0.390625 0.0578125 0.04765625
2 0.63671875 0.29375 0.06640625 0.065625
5 0.62265625 0.06484375 0.0125 0.0203125
2 0.3578125 0.25234375 0.0390625 0.0578125
1 0.36171875 0.1546875 0.04140625 0.0578125
4 0.87890625 0.35 0.0234375 0.0375
2 0.31875 0.26875 0.03828125 0.05
5 0.82109375 0.0640625 0.009375 0.01484375
3 0.5859375 0.39140625 0.02890625 0.053125
4 0.8328125 0.22109375 0.01328125 0.03984375
5 0.30390625 0.0765625 0.0125 0.01796875
2 0.028125 0.22265625 0.05234375 0.034375
2 0.47890625 0.24375 0.0578125 0.07109375
2 0.51953125 0.36171875 0.04140625 0.07578125
4 0.2828125 0.22265625 0.01328125 0.03671875
2 0.403125 0.15625 0.03359375 0.0453125
2 0.64140625 0.32890625 0.07578125 0.12890625
5 0.90703125 0.08671875 0.01328125 0.021875
4 0.70078125 0.296875 0.01796875 0.053125
5 0.9671875 0.1296875 0.01484375 0.0203125
2 0.44296875 0.13046875 0.02109375 0.02109375
5 0.68671875 0.0625 0.01171875 0.0171875