1 0.24375 0.696875 0.12109375 0.2453125
2 0.4125 0.56796875 0.07109375 0.13828125
2 0.403125 0.8796875 0.10625 0.2390625
2 0.76171875 0.36015625 0.09765625 0.1
2 0.65546875 0.36171875 0.08828125 0.0796875
2 0.321875 0.4265625 0.05078125 0.0921875
2 0.16796875 0.2296875 0.05703125 0.03828125
2 0.96640625 0.1875 0.05859375 0.04140625
2 0.92734375 0.44765625 0.128125 0.10859375
2 0.38046875 0.34140625 0.046875 0.07890625
2 0.98203125 0.21796875 0.034375 0.04609375
2 0.3109375 0.3328125 0.040625 0.06953125
2 0.56328125 0.303125 0.06640625 0.06953125
2 0.271875 0.24296875 0.04453125 0.0421875
2 0.87890625 0.46640625 0.1109375 0.10625
2 0.2125 0.20390625 0.04765625 0.03125
2 0.975 0.1984375 0.0484375 0.05625
3 0.87734375 0.53203125 0.06171875 0.08515625
5 0.30390625 0.0765625 0.0109375 0.01875
5 0.821875 0.06015625 0.0125 0.0140625
2 0.4890625 0.271875 0.0484375 0.05625
2 0.2984375 0.2828125 0.03828125 0.05859375
3 0.9796875 0.36484375 0.040625 0.07734375
5 0.62265625 0.0640625 0.01171875 0.0203125
2 0.6390625 0.303125 0.06484375 0.053125
3 0.22578125 0.38828125 0.0375 0.03984375
1 0.36796875 0.146875 0.0515625 0.07109375
2 0.5953125 0.26484375 0.0578125 0.06015625
5 0.90703125 0.0875 0.0125 0.021875
5 0.68671875 0.05859375 0.0125 0.015625
2 0.36953125 0.28515625 0.034375 0.04140625
4 0.2328125 0.36015625 0.0265625 0.03515625
3 0.975 0.37890625 0.028125 0.046875
2 0.54609375 0.265625 0.04921875 0.04921875
5 0.6859375 0.0640625 0.0140625 0.02578125
3 0.23515625 0.3703125 0.04140625 0.06015625