1 0.56953125 0.4203125 0.2703125 0.32890625
2 0.7953125 0.3859375 0.0984375 0.0984375
2 0.94609375 0.446875 0.10703125 0.11875
1 0.36171875 0.65546875 0.078125 0.16171875
2 0.70703125 0.38515625 0.09140625 0.09453125
2 0.39609375 0.40234375 0.059375 0.09296875
2 0.9671875 0.18671875 0.05625 0.03984375
2 0.665625 0.32578125 0.09296875 0.075
2 0.98203125 0.21484375 0.034375 0.0421875
2 0.3734375 0.3234375 0.04765625 0.0640625
2 0.978125 0.5375 0.04375 0.1125
5 0.6859375 0.05546875 0.01484375 0.01953125
2 0.34921875 0.25859375 0.03671875 0.05703125
2 0.57421875 0.2515625 0.05 0.0578125
2 0.3078125 0.2796875 0.03515625 0.053125
2 0.28671875 0.25 0.0359375 0.0453125
2 0.9796875 0.33671875 0.040625 0.09375
1 0.3671875 0.146875 0.04765625 0.06328125
5 0.50859375 0.05703125 0.01484375 0.0171875
2 0.24296875 0.2296875 0.05625 0.04921875
3 0.23046875 0.38515625 0.0546875 0.0484375
2 0.628125 0.28203125 0.065625 0.0578125
4 0.24375 0.3546875 0.025 0.04375
5 0.9078125 0.08515625 0.0109375 0.0234375
5 0.62265625 0.05546875 0.01328125 0.01875
5 0.821875 0.05703125 0.0125 0.0140625
4 0.73203125 0.30546875 0.02265625 0.0703125
2 0.3125 0.23125 0.0390625 0.03828125
5 0.22421875 0.228125 0.0328125 0.0390625
2 0.09140625 0.21484375 0.06484375 0.03203125
2 0.6484375 0.3046875 0.08828125 0.0859375
2 0.428125 0.15625 0.025 0.03125
2 0.515625 0.2140625 0.05 0.0515625