2 0.41171875 0.72109375 0.08359375 0.190625
2 0.79296875 0.37421875 0.1109375 0.10703125
1 0.890625 0.7515625 0.21875 0.496875
1 0.2703125 0.584375 0.09609375 0.196875
2 0.40625 0.49296875 0.06171875 0.11171875
2 0.6890625 0.37734375 0.096875 0.090625
2 0.96640625 0.18984375 0.06015625 0.040625
2 0.58125 0.31015625 0.07421875 0.07890625
2 0.98203125 0.21796875 0.03515625 0.04453125
2 0.95 0.47890625 0.0984375 0.13125
2 0.32265625 0.378125 0.04453125 0.08125
2 0.375 0.32265625 0.04609375 0.06796875
2 0.2484375 0.23828125 0.05078125 0.04296875
2 0.3078125 0.30859375 0.03984375 0.05703125
2 0.13828125 0.22890625 0.0421875 0.0375
2 0.33203125 0.24765625 0.03671875 0.04375
3 0.23515625 0.38671875 0.059375 0.0484375
5 0.821875 0.06015625 0.01171875 0.0140625
2 0.6703125 0.3203125 0.0671875 0.06015625
5 0.50859375 0.06015625 0.0140625 0.01484375
2 0.97890625 0.31796875 0.04140625 0.1203125
2 0.61015625 0.271875 0.0609375 0.05625
5 0.6234375 0.0640625 0.01328125 0.02265625
2 0.19375 0.20859375 0.05859375 0.03515625
2 0.49921875 0.27734375 0.05390625 0.0625
5 0.9078125 0.08671875 0.01171875 0.021875
5 0.68671875 0.0578125 0.01171875 0.015625
2 0.29296875 0.26328125 0.03828125 0.05078125
2 0.3640625 0.27265625 0.03828125 0.03828125
5 0.30546875 0.07578125 0.0125 0.01796875
1 0.36640625 0.1484375 0.04765625 0.0671875
4 0.234375 0.359375 0.028125 0.03671875
2 0.56796875 0.278125 0.06015625 0.0546875
4 0.77421875 0.15625 0.0125 0.02734375
2 0.47265625 0.21484375 0.03046875 0.04140625