1 0.63671875 0.47421875 0.35078125 0.396875
2 0.93359375 0.51640625 0.1328125 0.1328125
2 0.76953125 0.3734375 0.09765625 0.09375
2 0.92421875 0.42734375 0.134375 0.11015625
2 0.4078125 0.44609375 0.05703125 0.1046875
2 0.96796875 0.18671875 0.05859375 0.040625
2 0.38203125 0.3453125 0.05 0.07109375
2 0.9828125 0.215625 0.03359375 0.04140625
2 0.26484375 0.23203125 0.0625 0.0546875
2 0.12109375 0.221875 0.0578125 0.04765625
2 0.31015625 0.296875 0.0359375 0.0578125
2 0.35390625 0.2703125 0.034375 0.05703125
2 0.57109375 0.2515625 0.053125 0.05703125
2 0.6484375 0.33515625 0.1109375 0.11640625
2 0.32421875 0.2421875 0.0390625 0.04140625
5 0.50859375 0.05859375 0.01328125 0.01796875
2 0.6671875 0.3640625 0.09296875 0.0734375
2 0.9796875 0.3140625 0.040625 0.128125
1 0.36875 0.14609375 0.05078125 0.06171875
2 0.29296875 0.25703125 0.0359375 0.0515625
3 0.234375 0.384375 0.0515625 0.05078125
2 0.48515625 0.23203125 0.03359375 0.04609375
5 0.6859375 0.05546875 0.01328125 0.0171875
4 0.678125 0.24296875 0.02578125 0.065625
5 0.821875 0.05859375 0.01171875 0.0140625
5 0.621875 0.06171875 0.01484375 0.025
2 0.2828125 0.2484375 0.0515625 0.0671875
5 0.30390625 0.07421875 0.01171875 0.015625
2 0.51640625 0.2140625 0.040625 0.053125
4 0.24453125 0.353125 0.028125 0.0421875
5 0.9078125 0.0859375 0.0109375 0.02265625
2 0.46015625 0.1515625 0.02734375 0.028125