2 0.74375 0.4859375 0.1296875 0.1234375
1 0.25703125 0.80859375 0.109375 0.2171875
2 0.2890625 0.51796875 0.0703125 0.1140625
2 0.95859375 0.5046875 0.08203125 0.10390625
2 0.203125 0.23125 0.05703125 0.04140625
2 0.9765625 0.61171875 0.04453125 0.11484375
2 0.675 0.36640625 0.07265625 0.08046875
2 0.965625 0.18984375 0.05859375 0.04140625
2 0.9375 0.4296875 0.115625 0.07734375
2 0.39921875 0.38125 0.0453125 0.075
2 0.98125 0.21875 0.03515625 0.046875
2 0.55625 0.30859375 0.0640625 0.0671875
2 0.37265625 0.30859375 0.04453125 0.06171875
2 0.39765625 0.50390625 0.05625 0.10625
2 0.3015625 0.38125 0.05078125 0.08125
2 0.48515625 0.25859375 0.0484375 0.05
2 0.65234375 0.30234375 0.0796875 0.071875
1 0.3046875 0.27890625 0.04296875 0.0859375
2 0.97890625 0.31640625 0.0421875 0.11796875
4 0.6859375 0.8296875 0.03984375 0.12578125
2 0.32421875 0.23203125 0.0453125 0.05546875
2 0.578125 0.2765625 0.05 0.059375
3 0.61875 0.415625 0.03359375 0.0640625
1 0.36328125 0.15234375 0.0421875 0.06015625
3 0.23359375 0.3890625 0.05234375 0.046875
5 0.303125 0.0765625 0.01171875 0.01875
4 0.85078125 0.240625 0.0140625 0.04140625
2 0.4984375 0.3359375 0.03671875 0.075
5 0.821875 0.0609375 0.0109375 0.01328125
2 0.40234375 0.159375 0.03125 0.0359375
2 0.26015625 0.190625 0.04296875 0.0328125
4 0.90546875 0.36484375 0.0265625 0.04921875
5 0.359375 0.21640625 0.02578125 0.04609375
5 0.621875 0.06484375 0.0140625 0.02109375
4 0.23828125 0.3578125 0.03125 0.03515625
2 0.44375 0.13125 0.0203125 0.0234375
3 0.23828125 0.3703125 0.0453125 0.06171875