2 0.41328125 0.5703125 0.0671875 0.1375
2 0.29375 0.4765625 0.0671875 0.146875
2 0.85078125 0.4015625 0.1203125 0.11484375
2 0.77421875 0.4296875 0.11484375 0.09453125
2 0.396875 0.41015625 0.05546875 0.08984375
2 0.7140625 0.35078125 0.08359375 0.08359375
1 0.7953125 0.68046875 0.409375 0.6390625
2 0.6078125 0.33046875 0.07890625 0.075
2 0.9671875 0.190625 0.05859375 0.040625
2 0.98125 0.21953125 0.03515625 0.04453125
2 0.31640625 0.33125 0.04140625 0.06640625
2 0.36640625 0.29765625 0.0421875 0.06875
2 0.196875 0.23203125 0.05703125 0.0375
2 0.52109375 0.29453125 0.06015625 0.059375
2 0.59765625 0.2921875 0.0859375 0.059375
3 0.23203125 0.38359375 0.059375 0.05546875
5 0.50859375 0.0640625 0.01328125 0.0171875
2 0.97890625 0.31953125 0.0421875 0.1109375
5 0.821875 0.0609375 0.0109375 0.01328125
5 0.30390625 0.0765625 0.01015625 0.01796875
2 0.16328125 0.2109375 0.05234375 0.0328125
5 0.62265625 0.06328125 0.01171875 0.02109375
5 0.9078125 0.0875 0.01171875 0.02265625
2 0.621875 0.2796875 0.05546875 0.0609375
2 0.28828125 0.2515625 0.05703125 0.05625
5 0.68671875 0.06171875 0.01328125 0.01953125
2 0.478125 0.221875 0.034375 0.0453125
2 0.50625 0.2171875 0.04140625 0.05859375
2 0.3015625 0.28359375 0.0390625 0.0515625
1 0.3671875 0.1484375 0.0484375 0.0671875
3 0.51171875 0.35078125 0.0375 0.05390625
4 0.8328125 0.16953125 0.0140625 0.0328125
4 0.234375 0.35703125 0.02734375 0.03828125
2 0.565625 0.24765625 0.0515625 0.053125
2 0.4296875 0.15859375 0.02265625 0.0265625