2 0.78515625 0.378125 0.09921875 0.096875
2 0.9359375 0.4296875 0.12734375 0.10390625
1 0.6 0.44453125 0.3 0.35390625
2 0.95703125 0.534375 0.0859375 0.13671875
1 0.365625 0.70234375 0.084375 0.1953125
2 0.68671875 0.37109375 0.0859375 0.075
2 0.3984375 0.42109375 0.06328125 0.09765625
2 0.96796875 0.18671875 0.05703125 0.03984375
2 0.98203125 0.21484375 0.03359375 0.04140625
2 0.37734375 0.3328125 0.0484375 0.071875
1 0.30390625 0.3703125 0.0484375 0.10703125
2 0.65 0.31796875 0.08515625 0.07421875
2 0.25546875 0.23046875 0.04921875 0.05234375
2 0.35 0.2625 0.03515625 0.0578125
5 0.50859375 0.0578125 0.0140625 0.01796875
2 0.5734375 0.253125 0.0484375 0.05859375
2 0.30859375 0.2875 0.034375 0.05625
5 0.6859375 0.05546875 0.0140625 0.01875
1 0.36796875 0.14609375 0.05 0.0640625
3 0.23203125 0.38515625 0.0546875 0.0484375
2 0.19921875 0.203125 0.05546875 0.03046875
2 0.97890625 0.3140625 0.04140625 0.11640625
2 0.97734375 0.2015625 0.04296875 0.05546875
2 0.4890625 0.23671875 0.03671875 0.053125
2 0.6703125 0.34921875 0.115625 0.1234375
2 0.428125 0.15625 0.02578125 0.03125
2 0.2890625 0.25390625 0.03515625 0.05078125
2 0.31953125 0.23828125 0.0421875 0.04453125
2 0.10703125 0.215625 0.06328125 0.0359375
5 0.9078125 0.08515625 0.0109375 0.02421875
2 0.5171875 0.21171875 0.04140625 0.04921875
2 0.46015625 0.15234375 0.02265625 0.025
4 0.24453125 0.353125 0.02578125 0.04296875
5 0.621875 0.06171875 0.015625 0.02421875
2 0.390625 0.39140625 0.0671875 0.13125
5 0.82109375 0.059375 0.01171875 0.0125