2 0.3109375 0.50546875 0.06640625 0.11328125
2 0.86015625 0.42109375 0.10625 0.0984375
2 0.9671875 0.18828125 0.059375 0.04140625
2 0.78515625 0.42578125 0.08984375 0.09609375
1 0.95078125 0.47890625 0.0984375 0.1796875
2 0.62265625 0.34375 0.084375 0.07734375
2 0.71171875 0.3375 0.0890625 0.0953125
2 0.94453125 0.60703125 0.11015625 0.15546875
2 0.2953125 0.25625 0.04453125 0.0484375
2 0.98125 0.21953125 0.03515625 0.0453125
2 0.31171875 0.371875 0.046875 0.0796875
2 0.30234375 0.303125 0.04140625 0.05625
2 0.390625 0.36953125 0.04921875 0.08125
3 0.8515625 0.6 0.07109375 0.08046875
2 0.21796875 0.23359375 0.04609375 0.0375
2 0.5359375 0.2828125 0.0578125 0.07890625
2 0.97890625 0.3203125 0.0421875 0.1171875
3 0.23671875 0.3875 0.05625 0.04609375
5 0.621875 0.06484375 0.0125 0.02109375
2 0.378125 0.30625 0.0359375 0.03984375
5 0.821875 0.0609375 0.01328125 0.01328125
4 0.85546875 0.553125 0.0375 0.0625
3 0.753125 0.4625 0.04921875 0.084375
4 0.9140625 0.31640625 0.021875 0.05859375
5 0.30390625 0.0765625 0.01171875 0.01875
2 0.35703125 0.26796875 0.03671875 0.0484375
0 0.91328125 0.328125 0.01796875 0.034375
5 0.4109375 0.25859375 0.0234375 0.0546875
5 0.90703125 0.0875 0.0125 0.021875
2 0.6140625 0.2953125 0.06640625 0.0734375
2 0.2265625 0.20078125 0.04765625 0.0296875
2 0.16875 0.88359375 0.18359375 0.22734375
1 0.36953125 0.14453125 0.05390625 0.07421875
2 0.4609375 0.2 0.03359375 0.0453125
4 0.234375 0.359375 0.02578125 0.03515625