2 0.740625 0.403125 0.1015625 0.09765625
1 0.35546875 0.578125 0.071875 0.14375
1 0.5265625 0.378125 0.21640625 0.28515625
2 0.8203125 0.3984375 0.10078125 0.1015625
2 0.684375 0.33828125 0.09765625 0.0796875
2 0.9609375 0.4625 0.07734375 0.13515625
2 0.390625 0.38046875 0.05234375 0.0859375
2 0.98203125 0.21484375 0.034375 0.04140625
2 0.30625 0.3421875 0.04765625 0.0984375
2 0.96640625 0.1890625 0.05625 0.040625
2 0.36796875 0.3078125 0.04765625 0.0640625
2 0.63671875 0.284375 0.065625 0.06171875
2 0.27890625 0.2453125 0.0421875 0.046875
2 0.21953125 0.2265625 0.05390625 0.05
5 0.50859375 0.0578125 0.0140625 0.01875
5 0.6859375 0.0546875 0.0140625 0.0203125
2 0.575 0.2546875 0.04921875 0.0578125
2 0.3046875 0.27109375 0.03359375 0.04296875
2 0.9796875 0.3390625 0.040625 0.0828125
2 0.5359375 0.27109375 0.06640625 0.06328125
5 0.3453125 0.24765625 0.03515625 0.05234375
2 0.51953125 0.215625 0.046875 0.0578125
1 0.36484375 0.146875 0.04140625 0.0625
5 0.9078125 0.08515625 0.0109375 0.0234375
2 0.18046875 0.20546875 0.053125 0.0328125
3 0.7265625 0.48984375 0.05 0.0625
5 0.62265625 0.0546875 0.01328125 0.0171875
2 0.29296875 0.228125 0.05703125 0.04453125
2 0.42734375 0.15625 0.0234375 0.03046875
3 0.23359375 0.38359375 0.0546875 0.0484375
4 0.24453125 0.353125 0.02578125 0.04140625
4 0.73203125 0.3 0.021875 0.0734375
2 0.459375 0.15546875 0.021875 0.03046875
2 0.29375 0.25703125 0.05390625 0.059375
4 0.80859375 0.1890625 0.0171875 0.034375
5 0.82109375 0.05703125 0.0125 0.01484375