2 0.89375 0.41640625 0.128125 0.11484375
2 0.74921875 0.36640625 0.09375 0.0921875
1 0.409375 0.4828125 0.0609375 0.1140625
2 0.86953125 0.48046875 0.134375 0.11640625
1 0.303125 0.41484375 0.0546875 0.1296875
2 0.3875 0.36640625 0.05078125 0.075
2 0.9671875 0.18671875 0.059375 0.040625
2 0.3578125 0.28046875 0.0375 0.06484375
2 0.98203125 0.21640625 0.034375 0.04375
2 0.146875 0.22421875 0.065625 0.0421875
2 0.3109375 0.30703125 0.0375 0.06015625
1 0.7125 0.5359375 0.4421875 0.475
2 0.63125 0.3453125 0.103125 0.08125
1 0.36953125 0.14609375 0.05 0.06484375
2 0.97890625 0.3140625 0.04140625 0.1203125
5 0.5078125 0.059375 0.0140625 0.01640625
2 0.48515625 0.22734375 0.03671875 0.046875
2 0.56796875 0.24921875 0.046875 0.0546875
2 0.0265625 0.23046875 0.04921875 0.03828125
2 0.53671875 0.3 0.06328125 0.0546875
2 0.3375 0.2484375 0.03125 0.04453125
5 0.821875 0.05859375 0.01171875 0.01484375
2 0.62578125 0.31484375 0.09296875 0.084375
2 0.97734375 0.20078125 0.04453125 0.0578125
4 0.2375 0.35625 0.02890625 0.0390625
3 0.23359375 0.38671875 0.053125 0.04765625
5 0.68671875 0.05703125 0.01328125 0.01640625
2 0.296875 0.2671875 0.03671875 0.0546875
5 0.90859375 0.0859375 0.0109375 0.021875
2 0.5171875 0.20859375 0.03359375 0.04296875
2 0.26640625 0.2421875 0.04453125 0.05234375
2 0.42890625 0.15859375 0.0265625 0.0265625
5 0.30390625 0.07578125 0.0109375 0.01640625
3 0.2375 0.3671875 0.04375 0.06328125
5 0.621875 0.06171875 0.0140625 0.0234375