2 0.84765625 0.43203125 0.14375 0.17109375
2 0.809375 0.52265625 0.1453125 0.13046875
2 0.284375 0.66953125 0.0890625 0.1578125
2 0.3 0.4625 0.0609375 0.103125
2 0.70859375 0.38359375 0.078125 0.08125
2 0.9671875 0.18828125 0.06015625 0.04140625
2 0.9671875 0.46015625 0.0640625 0.09140625
2 0.159375 0.2328125 0.053125 0.03984375
2 0.3984375 0.44921875 0.05390625 0.11171875
2 0.66484375 0.31171875 0.0796875 0.08203125
2 0.38984375 0.34765625 0.040625 0.0625
2 0.98125 0.21953125 0.03515625 0.04609375
2 0.57890625 0.315625 0.06875 0.07578125
2 0.303125 0.3484375 0.04609375 0.06953125
5 0.3796875 0.22890625 0.02734375 0.05078125
2 0.6671875 0.45078125 0.0421875 0.09296875
2 0.36640625 0.29296875 0.03984375 0.05625
2 0.50390625 0.2703125 0.05703125 0.0578125
2 0.97890625 0.3171875 0.0421875 0.12421875
2 0.45234375 0.2390625 0.0390625 0.05234375
4 0.86953125 0.26015625 0.0171875 0.053125
3 0.23515625 0.38828125 0.05859375 0.04609375
2 0.48125 0.31640625 0.03359375 0.06875
5 0.621875 0.065625 0.0140625 0.02109375
2 0.5078125 0.25078125 0.0578125 0.065625
5 0.30390625 0.07734375 0.0109375 0.01796875
1 0.3625 0.1546875 0.03828125 0.05859375
2 0.30546875 0.2859375 0.040625 0.0578125
2 0.24765625 0.19765625 0.04765625 0.03671875
5 0.82109375 0.06484375 0.01015625 0.01328125
2 0.28046875 0.2359375 0.05703125 0.06640625
2 0.76796875 0.37109375 0.06015625 0.06015625
2 0.5828125 0.28515625 0.06015625 0.06640625
2 0.90546875 0.16171875 0.05703125 0.034375
5 0.90703125 0.0875 0.01328125 0.02265625
4 0.93984375 0.3890625 0.028125 0.06015625
2 0.28828125 0.24921875 0.05234375 0.04453125
4 0.23671875 0.3578125 0.02734375 0.0359375
2 0.39609375 0.1625 0.021875 0.0296875
4 0.603125 0.16796875 0.01328125 0.03046875
3 0.2390625 0.37109375 0.04609375 0.0625
5 0.68671875 0.06640625 0.01484375 0.0265625