2 0.41171875 0.75703125 0.0875 0.20234375
2 0.26328125 0.609375 0.103125 0.20078125
2 0.40703125 0.50703125 0.0640625 0.1125
2 0.78671875 0.3703125 0.10859375 0.103125
2 0.96640625 0.18984375 0.059375 0.040625
2 0.68125 0.371875 0.09296875 0.090625
1 0.9140625 0.75625 0.171875 0.4734375
2 0.57734375 0.3078125 0.07421875 0.0765625
2 0.32421875 0.38828125 0.0453125 0.0859375
2 0.98203125 0.2171875 0.034375 0.04453125
2 0.25546875 0.2328125 0.0453125 0.0453125
2 0.1390625 0.2296875 0.05234375 0.0390625
2 0.9390625 0.48515625 0.11875 0.125
2 0.30859375 0.31171875 0.0421875 0.0671875
2 0.66796875 0.3203125 0.0734375 0.0640625
2 0.37421875 0.3265625 0.04765625 0.07109375
2 0.9796875 0.31484375 0.040625 0.12578125
2 0.6078125 0.2703125 0.06171875 0.0546875
2 0.49765625 0.27890625 0.0515625 0.06015625
4 0.2328125 0.359375 0.02578125 0.03671875
2 0.29765625 0.26953125 0.040625 0.05703125
5 0.821875 0.06015625 0.01328125 0.0140625
5 0.6234375 0.0625 0.0125 0.0203125
3 0.2328125 0.3890625 0.053125 0.04453125
2 0.33671875 0.25 0.040625 0.04609375
2 0.94375 0.44765625 0.109375 0.08125
5 0.30546875 0.07578125 0.0125 0.0171875
2 0.2015625 0.2046875 0.0609375 0.03359375
1 0.36640625 0.14765625 0.046875 0.0671875
2 0.365625 0.275 0.03828125 0.0375
5 0.9078125 0.08671875 0.01171875 0.021875
5 0.68671875 0.0578125 0.0125 0.01484375
3 0.2359375 0.365625 0.03984375 0.0546875
3 0.221875 0.38984375 0.03125 0.0359375
5 0.44453125 0.2921875 0.03359375 0.06484375