1 0.35546875 0.571875 0.06953125 0.14140625
1 0.52109375 0.3734375 0.2109375 0.2765625
2 0.6875 0.340625 0.0953125 0.08046875
2 0.82265625 0.39921875 0.103125 0.103125
2 0.74609375 0.4078125 0.10703125 0.1
2 0.9640625 0.459375 0.06953125 0.1265625
2 0.38984375 0.37578125 0.0515625 0.0859375
2 0.96796875 0.18671875 0.05703125 0.04140625
2 0.3671875 0.30703125 0.046875 0.06328125
2 0.98203125 0.21484375 0.034375 0.04140625
2 0.30625 0.33984375 0.04609375 0.1
2 0.63515625 0.2890625 0.06796875 0.0609375
2 0.278125 0.2453125 0.0421875 0.04765625
2 0.53984375 0.27265625 0.06171875 0.05859375
5 0.50859375 0.0578125 0.0140625 0.01875
2 0.51953125 0.2171875 0.0484375 0.06015625
2 0.5765625 0.2546875 0.04921875 0.0578125
1 0.36484375 0.1453125 0.04140625 0.0640625
5 0.6875 0.05390625 0.0140625 0.01953125
2 0.9796875 0.3390625 0.040625 0.08125
5 0.34375 0.246875 0.0375 0.05390625
3 0.73828125 0.49375 0.04375 0.065625
2 0.23125 0.384375 0.0578125 0.04921875
5 0.21171875 0.2265625 0.04453125 0.04609375
2 0.303125 0.265625 0.03203125 0.04296875
2 0.459375 0.15546875 0.02109375 0.03046875
2 0.42734375 0.15625 0.0234375 0.03046875
5 0.62265625 0.0546875 0.0140625 0.0171875
5 0.82109375 0.05625 0.01328125 0.015625
5 0.9078125 0.084375 0.0109375 0.0234375
2 0.2953125 0.22734375 0.0484375 0.04296875
4 0.24453125 0.35390625 0.0265625 0.04296875
2 0.175 0.20546875 0.05234375 0.03359375
2 0.28984375 0.2515625 0.05703125 0.05625