2 0.41640625 0.63125 0.0734375 0.15390625
2 0.82265625 0.38984375 0.11796875 0.11171875
1 0.284375 0.51875 0.078125 0.1703125
2 0.728125 0.39921875 0.1015625 0.090625
1 0.8328125 0.70625 0.33359375 0.5734375
2 0.40390625 0.44453125 0.0578125 0.09609375
2 0.96640625 0.18984375 0.05859375 0.040625
2 0.69453125 0.334375 0.0734375 0.06875
2 0.59296875 0.31875 0.07734375 0.0765625
2 0.9734375 0.4671875 0.05078125 0.07734375
2 0.98203125 0.21796875 0.03515625 0.04609375
2 0.30625 0.29609375 0.03984375 0.04921875
2 0.31953125 0.35078125 0.0421875 0.07890625
2 0.2203125 0.23203125 0.0546875 0.0390625
2 0.509375 0.29296875 0.05390625 0.0546875
2 0.9796875 0.31484375 0.040625 0.13671875
2 0.61796875 0.27890625 0.053125 0.0578125
2 0.98515625 0.53046875 0.0296875 0.09765625
5 0.50859375 0.06015625 0.0140625 0.015625
5 0.821875 0.06015625 0.01171875 0.0140625
2 0.36953125 0.30625 0.04453125 0.07109375
2 0.97578125 0.20078125 0.046875 0.059375
3 0.23515625 0.3890625 0.05859375 0.04609375
2 0.1796875 0.20859375 0.0578125 0.034375
5 0.6234375 0.06171875 0.0140625 0.01875
2 0.5546875 0.2421875 0.04296875 0.0453125
5 0.3046875 0.0765625 0.0109375 0.01796875
5 0.48046875 0.31484375 0.03984375 0.06875
2 0.58203125 0.284375 0.06875 0.06015625
5 0.90859375 0.08671875 0.0109375 0.021875
5 0.6859375 0.06171875 0.01328125 0.01953125
2 0.32421875 0.24453125 0.04453125 0.04609375
1 0.37109375 0.14609375 0.05625 0.07109375
2 0.29140625 0.25546875 0.04453125 0.05625
4 0.2375 0.35703125 0.03125 0.03671875
2 0.475 0.2203125 0.0375 0.04765625
3 0.23828125 0.3703125 0.04765625 0.0609375
4 0.77421875 0.15625 0.01171875 0.0265625