2 0.2640625 0.7796875 0.1078125 0.20234375
2 0.75703125 0.49140625 0.13359375 0.12890625
2 0.28984375 0.509375 0.0671875 0.109375
2 0.9640625 0.50546875 0.071875 0.10546875
2 0.94140625 0.43515625 0.1109375 0.07734375
2 0.6796875 0.3703125 0.0734375 0.0796875
2 0.3984375 0.4921875 0.05546875 0.121875
2 0.9671875 0.1875 0.06015625 0.0421875
2 0.19765625 0.23046875 0.06015625 0.0390625
2 0.37109375 0.30703125 0.04375 0.0578125
2 0.3984375 0.37265625 0.046875 0.07421875
2 0.98359375 0.60625 0.0328125 0.090625
2 0.98125 0.21953125 0.03515625 0.0453125
2 0.303125 0.3703125 0.05 0.08984375
2 0.6515625 0.30625 0.07109375 0.0703125
2 0.48828125 0.26171875 0.0484375 0.04765625
2 0.56171875 0.30859375 0.0640625 0.06796875
4 0.68671875 0.84609375 0.04296875 0.13359375
2 0.978125 0.31640625 0.04375 0.1171875
4 0.853125 0.24296875 0.015625 0.046875
1 0.36328125 0.15234375 0.0421875 0.06015625
5 0.303125 0.07578125 0.0109375 0.01875
1 0.303125 0.2796875 0.0453125 0.0921875
2 0.97578125 0.19921875 0.046875 0.05859375
3 0.625 0.41328125 0.034375 0.08359375
2 0.44140625 0.21875 0.034375 0.05859375
3 0.2328125 0.38828125 0.0546875 0.0484375
2 0.49453125 0.334375 0.0359375 0.0671875
2 0.31875 0.2296875 0.0390625 0.05546875
2 0.57890625 0.27734375 0.05 0.0578125
2 0.3984375 0.1609375 0.0296875 0.03671875
5 0.36171875 0.21953125 0.02578125 0.04296875
5 0.621875 0.0640625 0.01328125 0.02109375
5 0.821875 0.0609375 0.0109375 0.0125
2 0.44296875 0.13125 0.0203125 0.02265625
4 0.91015625 0.37109375 0.02734375 0.05390625
2 0.50234375 0.2328125 0.05 0.04921875
4 0.61875 0.16796875 0.0140625 0.03125
5 0.9078125 0.08671875 0.0125 0.021875
3 0.2375 0.37109375 0.04765625 0.0671875