2 0.715625 0.4671875 0.1203125 0.11484375
2 0.28046875 0.55703125 0.07578125 0.1234375
2 0.94375 0.49140625 0.1125 0.11640625
2 0.3953125 0.5328125 0.06015625 0.12421875
2 0.95 0.60859375 0.0984375 0.15078125
2 0.65859375 0.35703125 0.06953125 0.0765625
2 0.9671875 0.18984375 0.0578125 0.04296875
2 0.909375 0.4171875 0.11796875 0.084375
2 0.225 0.23671875 0.0578125 0.04296875
2 0.234375 0.8984375 0.13125 0.2015625
2 0.54296875 0.3015625 0.06796875 0.0625
2 0.57421875 0.27109375 0.05 0.059375
2 0.30078125 0.396875 0.05625 0.09140625
2 0.4 0.40078125 0.04765625 0.08203125
2 0.63984375 0.296875 0.07265625 0.06328125
2 0.98125 0.2203125 0.0359375 0.04453125
2 0.478125 0.253125 0.04609375 0.05234375
2 0.34765625 0.24375 0.03828125 0.0578125
2 0.3765625 0.3203125 0.04453125 0.06171875
3 0.2328125 0.38984375 0.05625 0.046875
2 0.978125 0.3171875 0.04296875 0.11328125
3 0.596875 0.3921875 0.03359375 0.078125
4 0.840625 0.22578125 0.015625 0.04296875
2 0.13046875 0.22890625 0.03828125 0.0375
2 0.51015625 0.35234375 0.0390625 0.0703125
5 0.821875 0.0640625 0.009375 0.01484375
5 0.30390625 0.07734375 0.0125 0.01796875
5 0.621875 0.065625 0.01328125 0.0203125
4 0.2390625 0.3578125 0.0296875 0.03515625
2 0.021875 0.22265625 0.040625 0.0390625
1 0.36328125 0.153125 0.04140625 0.059375
4 0.89140625 0.3546875 0.02578125 0.04375
3 0.23984375 0.365625 0.04140625 0.05390625
4 0.278125 0.21953125 0.01328125 0.03828125
5 0.9078125 0.08671875 0.01328125 0.021875