2 0.9328125 0.59296875 0.134375 0.1546875
2 0.69921875 0.45859375 0.11015625 0.109375
2 0.27421875 0.58671875 0.08125 0.13671875
2 0.39296875 0.55625 0.06796875 0.1390625
2 0.9375 0.4890625 0.12421875 0.11640625
2 0.89140625 0.41328125 0.115625 0.078125
2 0.96640625 0.18984375 0.0578125 0.04296875
2 0.29921875 0.4109375 0.05859375 0.10234375
2 0.40078125 0.4171875 0.0484375 0.08671875
2 0.37890625 0.33125 0.0453125 0.0640625
2 0.64609375 0.35703125 0.06640625 0.0640625
2 0.23828125 0.2390625 0.05390625 0.0390625
2 0.540625 0.29765625 0.06015625 0.0609375
2 0.98125 0.21953125 0.0359375 0.04609375
2 0.14140625 0.23046875 0.0515625 0.0375
2 0.3078125 0.315625 0.04140625 0.06171875
2 0.978125 0.31640625 0.04375 0.1265625
5 0.34296875 0.20703125 0.021875 0.03671875
2 0.31953125 0.26953125 0.03828125 0.0515625
2 0.359375 0.25234375 0.04140625 0.06015625
3 0.234375 0.390625 0.0578125 0.0484375
4 0.83203125 0.2203125 0.0140625 0.040625
2 0.5203125 0.36328125 0.04140625 0.0765625
2 0.2203125 0.94453125 0.13046875 0.1109375
4 0.87578125 0.35 0.02109375 0.0375
2 0.5671875 0.2671875 0.0484375 0.05859375
1 0.36171875 0.1546875 0.04140625 0.05859375
5 0.621875 0.06484375 0.0125 0.0203125
2 0.6359375 0.29609375 0.0703125 0.07265625
2 0.02890625 0.22265625 0.0578125 0.0328125
5 0.82109375 0.0640625 0.009375 0.01484375
5 0.30390625 0.0765625 0.0125 0.01796875
3 0.584375 0.38671875 0.03046875 0.06640625
4 0.28359375 0.221875 0.01328125 0.0375
2 0.475 0.24375 0.053125 0.0671875
2 0.403125 0.15625 0.03359375 0.04375
2 0.64140625 0.33046875 0.075 0.125
5 0.90703125 0.08671875 0.01328125 0.02109375
2 0.44296875 0.13046875 0.0203125 0.0203125
2 0.5515625 0.27890625 0.07109375 0.08203125
4 0.6796875 0.7375 0.03671875 0.12265625
3 0.23984375 0.36796875 0.04375 0.0546875