2 0.84140625 0.3984375 0.11953125 0.1140625
2 0.4140625 0.5859375 0.06875 0.14375
1 0.2921875 0.48671875 0.071875 0.15390625
2 0.759375 0.41953125 0.10625 0.09140625
2 0.396875 0.4234375 0.05625 0.0875
2 0.71015625 0.34609375 0.08125 0.0734375
1 0.803125 0.68515625 0.3921875 0.6296875
2 0.6078125 0.328125 0.0734375 0.078125
2 0.96640625 0.190625 0.059375 0.040625
2 0.2046875 0.2328125 0.0578125 0.0375
2 0.98125 0.21953125 0.03515625 0.04296875
2 0.3171875 0.3375 0.040625 0.0703125
2 0.365625 0.29609375 0.046875 0.0734375
3 0.2328125 0.38515625 0.06015625 0.0515625
2 0.52109375 0.29453125 0.05546875 0.05703125
5 0.50859375 0.06328125 0.0140625 0.0171875
2 0.16796875 0.20859375 0.0578125 0.03359375
2 0.97890625 0.31875 0.04140625 0.1171875
5 0.62265625 0.06328125 0.0125 0.0203125
2 0.62421875 0.2828125 0.0515625 0.06015625
5 0.821875 0.0609375 0.01171875 0.01328125
5 0.30390625 0.07578125 0.01015625 0.0171875
2 0.31796875 0.23984375 0.0453125 0.0421875
2 0.990625 0.4859375 0.01875 0.071875
4 0.2375 0.35703125 0.0296875 0.03671875
2 0.478125 0.22109375 0.0359375 0.05
2 0.58515625 0.28828125 0.0640625 0.0578125
1 0.3671875 0.14765625 0.04921875 0.06796875
2 0.3046875 0.28671875 0.03828125 0.053125
2 0.50703125 0.20546875 0.0359375 0.04609375
5 0.90859375 0.08671875 0.0109375 0.02265625
5 0.6859375 0.0625 0.0140625 0.02109375
5 0.5109375 0.06015625 0.01484375 0.015625
4 0.77421875 0.15625 0.0125 0.0265625
2 0.5578125 0.246875 0.04453125 0.0515625
4 0.83359375 0.16953125 0.0140625 0.03125
2 0.28671875 0.2515625 0.04453125 0.053125
3 0.50234375 0.34296875 0.03671875 0.0609375