1 0.5890625 0.4359375 0.29140625 0.34765625
2 0.940625 0.43515625 0.11875 0.10546875
2 0.78984375 0.38125 0.0984375 0.09453125
1 0.36328125 0.68046875 0.08046875 0.1859375
2 0.96484375 0.534375 0.06953125 0.11328125
2 0.3984375 0.4125 0.06015625 0.0953125
2 0.96796875 0.18671875 0.05625 0.040625
2 0.98203125 0.215625 0.03359375 0.040625
2 0.37578125 0.3296875 0.04921875 0.06875
2 0.69453125 0.3796875 0.08828125 0.0765625
2 0.66796875 0.32890625 0.10859375 0.084375
2 0.3515625 0.2625 0.0390625 0.05859375
2 0.5734375 0.253125 0.04765625 0.059375
5 0.6859375 0.05546875 0.0140625 0.01953125
5 0.50859375 0.0578125 0.0140625 0.01796875
5 0.25234375 0.23203125 0.04765625 0.05078125
1 0.36640625 0.146875 0.046875 0.0625
3 0.23125 0.38515625 0.05546875 0.0484375
2 0.28828125 0.2515625 0.03671875 0.05
2 0.9796875 0.33828125 0.040625 0.084375
2 0.68515625 0.35234375 0.11171875 0.1203125
2 0.196875 0.20234375 0.05546875 0.0296875
2 0.97734375 0.20390625 0.0421875 0.0578125
2 0.309375 0.28359375 0.0359375 0.05703125
5 0.62265625 0.05625 0.01328125 0.01875
2 0.5078125 0.23984375 0.0734375 0.09140625
4 0.24453125 0.353125 0.02578125 0.04140625
2 0.10546875 0.2140625 0.06171875 0.03359375
5 0.9078125 0.084375 0.0109375 0.02265625
2 0.4921875 0.23984375 0.0421875 0.0578125
2 0.4609375 0.14921875 0.02265625 0.02421875