2 0.753125 0.36875 0.08984375 0.09453125
2 0.890625 0.4921875 0.14375 0.125
2 0.4078125 0.471875 0.0609375 0.10859375
2 0.903125 0.42421875 0.13046875 0.11796875
1 0.3015625 0.40625 0.05390625 0.12421875
1 0.68984375 0.515625 0.40703125 0.4390625
2 0.9671875 0.18671875 0.059375 0.040625
2 0.38671875 0.36015625 0.05078125 0.07421875
2 0.3578125 0.27890625 0.0375 0.06171875
2 0.140625 0.21953125 0.05859375 0.046875
2 0.98203125 0.21640625 0.034375 0.04296875
2 0.6375 0.33359375 0.1109375 0.11328125
2 0.3109375 0.303125 0.040625 0.05859375
2 0.9796875 0.3140625 0.040625 0.12265625
2 0.484375 0.22890625 0.03359375 0.046875
5 0.5078125 0.05859375 0.01484375 0.01640625
1 0.36953125 0.14765625 0.05078125 0.06328125
3 0.22734375 0.38671875 0.04765625 0.0484375
2 0.5703125 0.24921875 0.05 0.0546875
2 0.27265625 0.2390625 0.06796875 0.05703125
5 0.821875 0.05859375 0.01171875 0.01484375
2 0.97734375 0.20078125 0.04375 0.05859375
2 0.51484375 0.2171875 0.0390625 0.06328125
5 0.68515625 0.05546875 0.01328125 0.01640625
2 0.025 0.22890625 0.05 0.0359375
2 0.33203125 0.24375 0.034375 0.0421875
5 0.90859375 0.0859375 0.0109375 0.021875
5 0.30390625 0.075 0.0109375 0.01640625
4 0.23671875 0.35703125 0.02734375 0.040625
2 0.62734375 0.31171875 0.0859375 0.0765625
2 0.428125 0.1578125 0.02578125 0.028125
2 0.20703125 0.2015625 0.053125 0.03359375
2 0.29609375 0.26796875 0.0375 0.0421875
3 0.23515625 0.36953125 0.04765625 0.06875
2 0.53984375 0.29453125 0.06484375 0.04609375
2 0.43203125 0.225 0.02265625 0.04453125