1 0.2546875 0.65390625 0.1125 0.22890625
2 0.4109375 0.5375 0.06640625 0.12265625
2 0.66328125 0.36875 0.09453125 0.08671875
2 0.7734375 0.36640625 0.10390625 0.103125
2 0.96640625 0.18984375 0.05859375 0.03984375
2 0.32421875 0.40703125 0.0484375 0.09140625
2 0.2640625 0.240625 0.04609375 0.040625
2 0.56953125 0.30546875 0.0703125 0.06796875
2 0.1515625 0.2328125 0.05859375 0.03984375
2 0.98203125 0.21875 0.03515625 0.04453125
2 0.309375 0.3203125 0.040625 0.06171875
2 0.378125 0.3328125 0.046875 0.07734375
2 0.928125 0.4578125 0.14375 0.11328125
2 0.29765625 0.2765625 0.0390625 0.05703125
2 0.20703125 0.20390625 0.0546875 0.03515625
3 0.90703125 0.546875 0.06484375 0.090625
2 0.60078125 0.26796875 0.05390625 0.05859375
2 0.6515625 0.309375 0.06875 0.06171875
2 0.49296875 0.27421875 0.05078125 0.059375
2 0.94765625 0.78125 0.10390625 0.434375
5 0.821875 0.06015625 0.01328125 0.0140625
5 0.3046875 0.0765625 0.0109375 0.01875
5 0.43203125 0.2875 0.03203125 0.0609375
5 0.6234375 0.0625 0.0109375 0.01953125
2 0.3421875 0.2515625 0.03515625 0.0453125
2 0.97890625 0.31484375 0.04140625 0.09921875
1 0.36796875 0.146875 0.05078125 0.0703125
3 0.228125 0.38984375 0.04296875 0.0453125
5 0.9078125 0.0875 0.0125 0.02265625
5 0.68671875 0.05859375 0.0125 0.0171875
3 0.98984375 0.38046875 0.0203125 0.0640625
4 0.2328125 0.359375 0.02578125 0.0359375
2 0.36796875 0.2796875 0.034375 0.040625