2 0.2203125 0.7859375 0.1390625 0.28359375
1 0.4140625 0.6203125 0.0734375 0.14609375
2 0.32109375 0.4578125 0.0546875 0.103125
2 0.73984375 0.35078125 0.0953125 0.09375
2 0.89921875 0.434375 0.125 0.10546875
2 0.39609375 0.9328125 0.1234375 0.134375
2 0.9671875 0.1890625 0.0578125 0.0421875
2 0.6390625 0.35234375 0.084375 0.07890625
2 0.19609375 0.234375 0.05859375 0.0390625
3 0.965625 0.65703125 0.06640625 0.0734375
2 0.98203125 0.21953125 0.034375 0.04453125
2 0.384375 0.3484375 0.046875 0.08359375
2 0.83671875 0.45234375 0.09609375 0.10234375
2 0.553125 0.29375 0.06328125 0.078125
3 0.82265625 0.503125 0.05546875 0.0828125
2 0.31171875 0.34765625 0.04375 0.07265625
2 0.3 0.290625 0.040625 0.05546875
2 0.28515625 0.24921875 0.04453125 0.046875
2 0.97890625 0.32109375 0.04140625 0.11328125
3 0.946875 0.3453125 0.025 0.0671875
2 0.48359375 0.265625 0.0453125 0.0546875
2 0.346875 0.259375 0.03828125 0.04921875
5 0.30390625 0.0765625 0.0109375 0.01875
5 0.821875 0.0609375 0.0125 0.01328125
2 0.625 0.29921875 0.0625 0.05546875
5 0.621875 0.06484375 0.01328125 0.0203125
1 0.36484375 0.14921875 0.04296875 0.065625
4 0.98125 0.6046875 0.0375 0.0578125
3 0.22578125 0.38828125 0.0328125 0.03984375
5 0.4171875 0.27265625 0.02421875 0.06015625
5 0.9078125 0.0875 0.0125 0.021875
2 0.37265625 0.2921875 0.0390625 0.04375
2 0.5875 0.26015625 0.0515625 0.05078125
2 0.465625 0.20390625 0.02890625 0.040625
2 0.98515625 0.48515625 0.02890625 0.140625
5 0.68671875 0.05859375 0.0125 0.0171875
5 0.68671875 0.06796875 0.01484375 0.03125