2 0.415625 0.65390625 0.0765625 0.16171875
2 0.28359375 0.5359375 0.0828125 0.17109375
1 0.84921875 0.7203125 0.3015625 0.54375
2 0.8140625 0.38359375 0.11171875 0.11171875
2 0.7171875 0.39765625 0.10234375 0.09296875
2 0.40546875 0.45546875 0.06171875 0.1015625
2 0.96640625 0.190625 0.059375 0.04140625
2 0.96953125 0.46328125 0.0578125 0.0671875
2 0.5890625 0.31875 0.07421875 0.0734375
2 0.68828125 0.33125 0.0703125 0.0640625
2 0.228125 0.23359375 0.05390625 0.03828125
2 0.3203125 0.35625 0.0453125 0.0765625
2 0.98203125 0.21875 0.03515625 0.04375
2 0.9765625 0.51953125 0.046875 0.0984375
2 0.18203125 0.20859375 0.0578125 0.034375
2 0.29140625 0.25390625 0.03828125 0.0453125
2 0.9796875 0.3140625 0.040625 0.13515625
2 0.30625 0.296875 0.040625 0.05234375
2 0.36796875 0.3109375 0.053125 0.06484375
3 0.23515625 0.3875 0.05859375 0.04765625
5 0.50859375 0.06015625 0.0140625 0.015625
5 0.821875 0.0609375 0.01171875 0.01328125
2 0.5515625 0.240625 0.04375 0.04375
2 0.325 0.24296875 0.040625 0.03984375
2 0.61640625 0.278125 0.05625 0.0578125
5 0.6234375 0.0625 0.01328125 0.01953125
5 0.3046875 0.07578125 0.01171875 0.01796875
2 0.47421875 0.21953125 0.0359375 0.046875
2 0.51015625 0.29140625 0.0484375 0.053125
5 0.6859375 0.06171875 0.01328125 0.01875
2 0.58046875 0.284375 0.07265625 0.0625
4 0.23671875 0.3578125 0.02890625 0.03671875
5 0.90859375 0.0859375 0.01171875 0.0203125
1 0.3671875 0.1484375 0.05 0.06796875
3 0.2375 0.371875 0.05 0.06328125