1 0.5203125 0.37109375 0.2125 0.2734375
2 0.35546875 0.56875 0.0703125 0.13984375
2 0.8265625 0.40234375 0.1015625 0.1
2 0.6890625 0.340625 0.09921875 0.08203125
2 0.96640625 0.46328125 0.0671875 0.1265625
2 0.753125 0.4125 0.09609375 0.0984375
2 0.38984375 0.375 0.05 0.084375
2 0.96796875 0.1859375 0.05703125 0.0421875
2 0.98203125 0.2140625 0.03359375 0.04140625
2 0.3671875 0.30703125 0.04609375 0.0625
2 0.30546875 0.33828125 0.0453125 0.1
2 0.6359375 0.28828125 0.06875 0.06328125
2 0.278125 0.24375 0.04453125 0.05078125
2 0.57734375 0.25546875 0.05078125 0.05859375
2 0.5421875 0.27421875 0.05859375 0.06015625
5 0.50859375 0.0578125 0.0140625 0.01875
2 0.23125 0.38359375 0.06015625 0.05078125
2 0.52109375 0.21796875 0.04765625 0.0609375
1 0.3640625 0.146875 0.04140625 0.06171875
5 0.34296875 0.24609375 0.03671875 0.053125
5 0.6875 0.05390625 0.0140625 0.01875
2 0.9796875 0.340625 0.03984375 0.07734375
2 0.459375 0.15546875 0.02109375 0.03125
2 0.29296875 0.22890625 0.053125 0.04609375
2 0.42734375 0.15625 0.0234375 0.03046875
2 0.03671875 0.22421875 0.0515625 0.03046875
5 0.62265625 0.0546875 0.0140625 0.0171875
5 0.82109375 0.05625 0.01328125 0.015625
5 0.90703125 0.08359375 0.01171875 0.02421875
5 0.20390625 0.10625 0.01015625 0.0203125
4 0.24453125 0.35390625 0.02734375 0.0421875
5 0.80703125 0.18984375 0.015625 0.03515625
2 0.303125 0.2640625 0.03125 0.04296875
3 0.740625 0.4984375 0.04765625 0.0625
2 0.72578125 0.46484375 0.07421875 0.12578125