1 0.59140625 0.43828125 0.29296875 0.3484375
2 0.9390625 0.43203125 0.121875 0.1015625
2 0.7875 0.38046875 0.09921875 0.09453125
1 0.3640625 0.68984375 0.08203125 0.18515625
2 0.96171875 0.53359375 0.075 0.11796875
2 0.3984375 0.4140625 0.0609375 0.09609375
2 0.96796875 0.18671875 0.05703125 0.040625
2 0.98203125 0.21484375 0.03359375 0.04140625
2 0.69296875 0.37578125 0.0859375 0.0765625
2 0.3765625 0.33125 0.04765625 0.06875
2 0.65703125 0.32109375 0.0890625 0.0765625
2 0.35234375 0.2625 0.0375 0.0578125
2 0.57421875 0.253125 0.04765625 0.05859375
5 0.50859375 0.05703125 0.0140625 0.01875
5 0.6859375 0.05546875 0.0140625 0.01875
5 0.253125 0.23125 0.046875 0.05390625
3 0.2328125 0.384375 0.05703125 0.04921875
1 0.36796875 0.14609375 0.05 0.06328125
2 0.309375 0.284375 0.0359375 0.05703125
2 0.49140625 0.23828125 0.03984375 0.0546875
2 0.9796875 0.3375 0.040625 0.0875
2 0.10625 0.215625 0.059375 0.03515625
2 0.2890625 0.2515625 0.03671875 0.053125
2 0.19765625 0.20234375 0.05625 0.03046875
5 0.62265625 0.05703125 0.0140625 0.01953125
2 0.31875 0.23671875 0.0421875 0.04296875
2 0.4609375 0.15 0.0234375 0.02421875
2 0.51796875 0.2109375 0.04140625 0.0453125
4 0.24453125 0.353125 0.02578125 0.04140625
5 0.9078125 0.084375 0.0109375 0.0234375