2 0.88828125 0.415625 0.12890625 0.1171875
2 0.74296875 0.365625 0.09296875 0.0890625
2 0.4109375 0.49375 0.0625 0.11640625
2 0.85625 0.471875 0.13046875 0.1171875
2 0.30078125 0.42734375 0.0578125 0.12265625
2 0.3890625 0.3734375 0.05 0.08125
2 0.96640625 0.18984375 0.05859375 0.040625
1 0.7296875 0.553125 0.4578125 0.51015625
2 0.63828125 0.3484375 0.0765625 0.0671875
2 0.98203125 0.21640625 0.034375 0.04375
2 0.359375 0.284375 0.0359375 0.06484375
2 0.31171875 0.31015625 0.03828125 0.06171875
2 0.1515625 0.22421875 0.06328125 0.0390625
2 0.97890625 0.3140625 0.04140625 0.128125
2 0.28203125 0.240625 0.06953125 0.0578125
2 0.53671875 0.30390625 0.0625 0.0640625
2 0.48359375 0.228125 0.03828125 0.04765625
2 0.61953125 0.3015625 0.0859375 0.0609375
4 0.2359375 0.35703125 0.028125 0.04140625
3 0.23515625 0.3875 0.05078125 0.046875
5 0.821875 0.059375 0.0125 0.0140625
5 0.50859375 0.059375 0.0140625 0.015625
2 0.56796875 0.25 0.05 0.05546875
2 0.97734375 0.2015625 0.04453125 0.05859375
1 0.36875 0.14765625 0.04765625 0.06484375
2 0.025 0.2265625 0.04921875 0.034375
2 0.51328125 0.215625 0.03984375 0.05234375
2 0.33828125 0.25 0.03046875 0.046875
3 0.23828125 0.36484375 0.040625 0.059375
2 0.42890625 0.15859375 0.0265625 0.02734375
5 0.30390625 0.07578125 0.0109375 0.01796875
5 0.621875 0.06171875 0.01328125 0.02265625
5 0.68671875 0.0578125 0.01328125 0.015625
5 0.9078125 0.0859375 0.01171875 0.021875
2 0.29765625 0.25078125 0.040625 0.059375