2 0.91328125 0.58125 0.16953125 0.140625
2 0.30546875 0.55078125 0.06953125 0.12421875
2 0.9671875 0.18828125 0.06015625 0.04140625
2 0.7578125 0.40859375 0.0875 0.0921875
2 0.8265625 0.4015625 0.08359375 0.0875
2 0.69296875 0.328125 0.08515625 0.0875
2 0.603125 0.3375 0.08515625 0.078125
2 0.38046875 0.3171875 0.040625 0.05390625
2 0.31015625 0.39765625 0.046875 0.0875
2 0.98125 0.21953125 0.03515625 0.04609375
2 0.3046875 0.3125 0.04375 0.0703125
3 0.775 0.55 0.06015625 0.07265625
2 0.3953125 0.4 0.04765625 0.08046875
2 0.25234375 0.23984375 0.04140625 0.0421875
4 0.89921875 0.296875 0.0171875 0.05625
5 0.821875 0.0609375 0.01171875 0.01328125
2 0.35703125 0.2765625 0.0390625 0.05078125
2 0.5265625 0.28515625 0.05625 0.0625
2 0.978125 0.31953125 0.04296875 0.11328125
3 0.23515625 0.38828125 0.05625 0.0453125
5 0.403125 0.25 0.02421875 0.06015625
3 0.696875 0.4359375 0.04453125 0.07890625
5 0.621875 0.06484375 0.0125 0.02109375
2 0.2375 0.19921875 0.04765625 0.034375
5 0.90703125 0.0875 0.0125 0.021875
2 0.6 0.2875 0.059375 0.0578125
4 0.74609375 0.203125 0.01328125 0.0375
5 0.30390625 0.07734375 0.0109375 0.01953125
1 0.3671875 0.15 0.05078125 0.0671875