2 0.87578125 0.41328125 0.1328125 0.1234375
2 0.41328125 0.5078125 0.0640625 0.1234375
2 0.8359375 0.46015625 0.125 0.11171875
2 0.73671875 0.359375 0.08671875 0.0859375
1 0.30078125 0.4359375 0.06015625 0.134375
2 0.3921875 0.3828125 0.05390625 0.0828125
2 0.96640625 0.18984375 0.05859375 0.040625
2 0.15703125 0.22421875 0.071875 0.0453125
1 0.759375 0.60546875 0.47265625 0.59375
2 0.98203125 0.2171875 0.034375 0.04375
2 0.36015625 0.28828125 0.0375 0.065625
2 0.63203125 0.3390625 0.078125 0.0765625
2 0.3125 0.315625 0.03828125 0.06171875
2 0.9796875 0.31328125 0.040625 0.1296875
2 0.56875 0.25078125 0.05234375 0.05546875
5 0.821875 0.059375 0.01171875 0.0140625
5 0.50859375 0.06015625 0.0140625 0.01484375
3 0.2328125 0.38828125 0.05546875 0.046875
5 0.621875 0.06328125 0.0125 0.021875
1 0.3671875 0.1484375 0.046875 0.06640625
2 0.9765625 0.2015625 0.0453125 0.06015625
2 0.48203125 0.22578125 0.0375 0.0484375
5 0.3046875 0.07578125 0.01171875 0.0171875
2 0.2984375 0.275 0.0328125 0.0546875
5 0.9078125 0.0859375 0.01171875 0.021875
2 0.33984375 0.2515625 0.034375 0.04453125
4 0.2359375 0.35703125 0.0265625 0.03828125
5 0.6859375 0.05625 0.0125 0.01640625
2 0.5125 0.21484375 0.0390625 0.05
2 0.42890625 0.1578125 0.0234375 0.02734375
2 0.61171875 0.3 0.0828125 0.06875
2 0.28671875 0.24296875 0.07265625 0.05859375
3 0.2375 0.36640625 0.04296875 0.059375
2 0.3046875 0.22734375 0.03984375 0.03671875
2 0.5296875 0.29609375 0.06171875 0.0578125
4 0.73359375 0.29296875 0.01953125 0.053125
2 0.31484375 0.15859375 0.03359375 0.03515625