2 0.4109375 0.75390625 0.08828125 0.2078125
2 0.30859375 0.5171875 0.06796875 0.11171875
2 0.70703125 0.3359375 0.0875 0.0890625
2 0.9359375 0.6015625 0.128125 0.159375
1 0.94453125 0.4734375 0.1109375 0.18125
2 0.8484375 0.415625 0.09375 0.09609375
2 0.96640625 0.18828125 0.05859375 0.04140625
2 0.77734375 0.42421875 0.09453125 0.09609375
2 0.39140625 0.37578125 0.04765625 0.08828125
3 0.83046875 0.584375 0.0703125 0.07890625
2 0.98125 0.21953125 0.03515625 0.0453125
2 0.6171875 0.3390625 0.08046875 0.07890625
2 0.30234375 0.30546875 0.040625 0.05859375
2 0.31171875 0.3828125 0.046875 0.078125
2 0.29609375 0.25859375 0.0421875 0.04765625
2 0.534375 0.27578125 0.06015625 0.0890625
2 0.978125 0.3203125 0.04375 0.11875
2 0.378125 0.30625 0.03984375 0.046875
4 0.83125 0.5328125 0.0359375 0.05078125
5 0.821875 0.0609375 0.01328125 0.0140625
4 0.9109375 0.309375 0.01875 0.0578125
5 0.62265625 0.06484375 0.01171875 0.02109375
3 0.73671875 0.459375 0.046875 0.06953125
3 0.2359375 0.38828125 0.05390625 0.0453125
2 0.2296875 0.23671875 0.05390625 0.03984375
5 0.3046875 0.0765625 0.01171875 0.01875
2 0.35625 0.26875 0.0390625 0.05
5 0.41015625 0.25546875 0.0234375 0.05546875
5 0.90703125 0.0875 0.0125 0.021875
4 0.74453125 0.2109375 0.01328125 0.03671875
5 0.68671875 0.06484375 0.01328125 0.02421875
4 0.23515625 0.35859375 0.0265625 0.03515625
2 0.6109375 0.3109375 0.071875 0.11640625
2 0.22890625 0.1984375 0.0421875 0.03125