2 0.41328125 0.684375 0.0796875 0.1765625
1 0.86796875 0.73125 0.2625 0.5359375
2 0.2765625 0.5578125 0.0953125 0.18203125
2 0.80390625 0.3796875 0.10703125 0.10859375
2 0.7015625 0.3875 0.0953125 0.09140625
2 0.40390625 0.47421875 0.059375 0.1
2 0.96640625 0.18984375 0.05859375 0.04140625
2 0.58203125 0.3125 0.075 0.075
2 0.30859375 0.3125 0.03515625 0.03984375
2 0.32265625 0.36640625 0.04140625 0.07890625
2 0.98203125 0.21796875 0.034375 0.0453125
2 0.1890625 0.21015625 0.05859375 0.03359375
2 0.2390625 0.2359375 0.05 0.03671875
2 0.67890625 0.32734375 0.0703125 0.0640625
2 0.959375 0.49765625 0.08046875 0.1515625
2 0.95859375 0.453125 0.08046875 0.06875
2 0.32890625 0.2453125 0.0375 0.04140625
2 0.371875 0.31640625 0.04609375 0.06640625
2 0.6109375 0.27578125 0.06015625 0.05859375
2 0.23359375 0.384375 0.0609375 0.05703125
2 0.9796875 0.31015625 0.040625 0.13125
5 0.50859375 0.06015625 0.0140625 0.01484375
2 0.50234375 0.2828125 0.0515625 0.05703125
5 0.821875 0.0609375 0.0125 0.01328125
5 0.6234375 0.0640625 0.01328125 0.02109375
2 0.29140625 0.26015625 0.0390625 0.04375
5 0.9078125 0.08671875 0.01171875 0.021875
5 0.68671875 0.05859375 0.01171875 0.015625
2 0.978125 0.34375 0.040625 0.07265625
5 0.3046875 0.07578125 0.01171875 0.01875
1 0.3703125 0.146875 0.05625 0.06953125
2 0.553125 0.2390625 0.046875 0.04921875
2 0.471875 0.21953125 0.03984375 0.05078125