2 0.7328125 0.4796875 0.12734375 0.11875
1 0.28671875 0.5328125 0.071875 0.11484375
2 0.39765625 0.51015625 0.06015625 0.13046875
2 0.953125 0.49609375 0.09296875 0.09375
2 0.96484375 0.60703125 0.06875 0.12421875
2 0.24765625 0.85078125 0.12109375 0.23828125
2 0.66796875 0.3625 0.07109375 0.07734375
2 0.9671875 0.1875 0.06015625 0.0421875
2 0.30078125 0.38984375 0.05234375 0.08203125
2 0.39765625 0.3890625 0.0453125 0.08203125
2 0.209375 0.23515625 0.05234375 0.0421875
2 0.928125 0.42421875 0.121875 0.08359375
2 0.98125 0.21875 0.03515625 0.046875
2 0.48203125 0.25625 0.046875 0.05
4 0.68671875 0.80625 0.0390625 0.1296875
2 0.978125 0.3171875 0.04296875 0.12578125
2 0.3734375 0.3125 0.04453125 0.0625
2 0.5515625 0.30390625 0.06171875 0.0671875
2 0.97578125 0.19921875 0.04765625 0.0578125
5 0.30390625 0.0765625 0.0109375 0.01796875
3 0.22734375 0.38984375 0.04609375 0.04765625
3 0.61015625 0.41171875 0.03359375 0.0640625
4 0.89921875 0.36015625 0.02421875 0.04453125
5 0.821875 0.06484375 0.01015625 0.01484375
4 0.84609375 0.23671875 0.0140625 0.04375
2 0.6421875 0.3 0.075 0.06953125
2 0.5796875 0.27578125 0.04609375 0.06015625
4 0.275 0.2171875 0.0140625 0.03359375
1 0.36328125 0.1515625 0.0421875 0.05859375
2 0.440625 0.21875 0.03203125 0.05390625
5 0.621875 0.06484375 0.0125 0.0203125
5 0.35703125 0.21484375 0.0203125 0.04609375
4 0.2390625 0.35703125 0.0296875 0.03671875
2 0.309375 0.25859375 0.04375 0.04453125
2 0.5 0.23046875 0.0453125 0.05234375
3 0.2390625 0.365625 0.04140625 0.05625
5 0.90703125 0.0859375 0.01328125 0.0203125
5 0.1234375 0.23125 0.021875 0.0296875