2 0.4140625 0.66796875 0.08046875 0.16953125
1 0.85703125 0.72265625 0.28125 0.54765625
1 0.2796875 0.54453125 0.08828125 0.17421875
2 0.809375 0.384375 0.11171875 0.11015625
2 0.71015625 0.39375 0.09765625 0.0890625
2 0.40546875 0.46328125 0.06015625 0.1015625
2 0.96640625 0.190625 0.059375 0.04140625
2 0.58671875 0.315625 0.07421875 0.07109375
2 0.23359375 0.23515625 0.05078125 0.03828125
2 0.68359375 0.33046875 0.0703125 0.06328125
2 0.96328125 0.45859375 0.07109375 0.07109375
2 0.32109375 0.36171875 0.04296875 0.078125
2 0.98203125 0.21875 0.034375 0.04375
2 0.18359375 0.20859375 0.05625 0.034375
2 0.9796875 0.31328125 0.040625 0.13828125
2 0.96640625 0.515625 0.06484375 0.134375
2 0.37265625 0.31171875 0.04375 0.07109375
2 0.30703125 0.3015625 0.0390625 0.05390625
5 0.50859375 0.06015625 0.0140625 0.015625
5 0.821875 0.0609375 0.0125 0.01328125
3 0.234375 0.3875 0.0578125 0.0484375
2 0.61328125 0.27734375 0.059375 0.05859375
2 0.5078125 0.28359375 0.0484375 0.05546875
2 0.32734375 0.24296875 0.0375 0.040625
2 0.55234375 0.23828125 0.04609375 0.04453125
2 0.47421875 0.2171875 0.03203125 0.040625
5 0.6234375 0.0625 0.01328125 0.01875
5 0.3046875 0.07578125 0.0109375 0.01875
5 0.6859375 0.06171875 0.01328125 0.01875
2 0.57890625 0.28359375 0.075 0.06015625
1 0.36953125 0.146875 0.053125 0.0703125
5 0.90859375 0.0859375 0.01171875 0.0203125
4 0.23671875 0.35859375 0.0296875 0.0359375
2 0.5046875 0.19765625 0.03046875 0.03671875