2 0.90703125 0.5765625 0.1640625 0.13671875
2 0.30078125 0.55859375 0.06796875 0.1203125
2 0.9671875 0.18984375 0.05859375 0.0421875
2 0.75 0.409375 0.084375 0.0859375
2 0.6890625 0.32734375 0.08515625 0.08515625
2 0.81796875 0.4 0.07890625 0.0859375
2 0.25625 0.23984375 0.0421875 0.04375
2 0.31015625 0.40546875 0.0484375 0.08828125
2 0.98125 0.2203125 0.03515625 0.04453125
2 0.3953125 0.39921875 0.0484375 0.08828125
2 0.60078125 0.33359375 0.08203125 0.08125
3 0.7578125 0.5390625 0.05625 0.0734375
2 0.38125 0.31484375 0.0390625 0.0484375
2 0.30078125 0.2953125 0.04765625 0.10703125
5 0.40234375 0.246875 0.0234375 0.05078125
2 0.978125 0.3171875 0.04296875 0.128125
4 0.8953125 0.29375 0.01484375 0.053125
5 0.621875 0.06484375 0.01171875 0.02109375
2 0.35703125 0.278125 0.0390625 0.05
5 0.82109375 0.06484375 0.01171875 0.0140625
3 0.23515625 0.3875 0.05546875 0.046875
2 0.52109375 0.28203125 0.05546875 0.06640625
5 0.90703125 0.08828125 0.0125 0.02265625
4 0.759375 0.49375 0.0328125 0.05390625
3 0.7578125 0.51328125 0.04765625 0.08671875
3 0.684375 0.43125 0.04296875 0.08046875
4 0.746875 0.203125 0.01171875 0.03671875
4 0.9859375 0.4109375 0.0234375 0.04453125
5 0.30390625 0.07734375 0.0109375 0.01875
2 0.45625 0.1953125 0.0328125 0.0484375
2 0.4625 0.29609375 0.0296875 0.05625
2 0.59765625 0.28828125 0.06015625 0.06015625