2 0.41171875 0.71796875 0.0828125 0.18828125
2 0.3125 0.50390625 0.06328125 0.115625
2 0.8625 0.42109375 0.10859375 0.096875
2 0.7125 0.3390625 0.08984375 0.096875
2 0.96640625 0.18984375 0.05703125 0.04140625
1 0.95078125 0.490625 0.09609375 0.21015625
2 0.7875 0.428125 0.090625 0.09375
2 0.62265625 0.34453125 0.08515625 0.07890625
2 0.946875 0.609375 0.103125 0.1546875
3 0.8609375 0.60703125 0.07421875 0.08046875
2 0.3125 0.3703125 0.0453125 0.0796875
2 0.98125 0.21953125 0.03515625 0.0453125
2 0.29453125 0.25546875 0.04453125 0.04921875
2 0.30234375 0.3 0.04296875 0.0578125
2 0.390625 0.3671875 0.04921875 0.08515625
4 0.91796875 0.315625 0.01875 0.06484375
5 0.4109375 0.259375 0.0234375 0.05625
4 0.8625 0.55703125 0.040625 0.0640625
3 0.23671875 0.3875 0.05625 0.0453125
2 0.978125 0.31796875 0.04375 0.1109375
2 0.21328125 0.2390625 0.03828125 0.0328125
2 0.5359375 0.2859375 0.05390625 0.06953125
5 0.621875 0.06484375 0.0125 0.0203125
3 0.7578125 0.465625 0.0515625 0.084375
5 0.30390625 0.0765625 0.01171875 0.01953125
5 0.821875 0.0609375 0.0125 0.01328125
2 0.378125 0.3046875 0.03515625 0.040625
2 0.61484375 0.29765625 0.06875 0.07421875
5 0.90703125 0.0875 0.0125 0.02265625
3 0.915625 0.32890625 0.01796875 0.03671875
4 0.234375 0.359375 0.02578125 0.03671875
1 0.059375 0.25859375 0.1125 0.11640625
2 0.22734375 0.20078125 0.04921875 0.03125
2 0.35625 0.2671875 0.0375 0.04765625
2 0.47578125 0.2578125 0.03828125 0.05390625