2 0.22578125 0.771875 0.13671875 0.27421875
1 0.41328125 0.61328125 0.0734375 0.14375
2 0.7421875 0.353125 0.09453125 0.09453125
2 0.3203125 0.45234375 0.05234375 0.10078125
2 0.9078125 0.43671875 0.12265625 0.1015625
2 0.64140625 0.35546875 0.0890625 0.08203125
2 0.396875 0.9234375 0.125 0.15234375
2 0.96640625 0.1890625 0.0578125 0.0421875
2 0.190625 0.2328125 0.0546875 0.0390625
2 0.98125 0.21875 0.03515625 0.04453125
2 0.38515625 0.34609375 0.046875 0.0859375
2 0.55234375 0.296875 0.0640625 0.0703125
3 0.8328125 0.50390625 0.05703125 0.08828125
2 0.83984375 0.46484375 0.0890625 0.10078125
2 0.31171875 0.34296875 0.04296875 0.071875
2 0.63046875 0.3046875 0.06484375 0.05625
2 0.28359375 0.24921875 0.0484375 0.04609375
2 0.30078125 0.2890625 0.0421875 0.0578125
2 0.4859375 0.26640625 0.040625 0.05390625
5 0.821875 0.0609375 0.0125 0.0140625
5 0.3046875 0.0765625 0.0109375 0.01875
2 0.34765625 0.2609375 0.0375 0.04765625
2 0.9796875 0.32109375 0.040625 0.1125
5 0.621875 0.0640625 0.01328125 0.0203125
5 0.41796875 0.275 0.0265625 0.0609375
3 0.23515625 0.3890625 0.05546875 0.0453125
4 0.9484375 0.34765625 0.01953125 0.05859375
3 0.97421875 0.665625 0.04921875 0.08359375
2 0.37265625 0.2890625 0.0359375 0.0390625
5 0.9078125 0.08671875 0.0125 0.02109375
5 0.6859375 0.06484375 0.01484375 0.025
1 0.36640625 0.14921875 0.04609375 0.06640625
2 0.2125 0.20234375 0.0515625 0.0328125
4 0.7421875 0.22265625 0.0140625 0.040625
2 0.465625 0.2046875 0.02734375 0.0390625