2 0.28125 0.6859375 0.09453125 0.16171875
2 0.80078125 0.51640625 0.1453125 0.13046875
2 0.8390625 0.425 0.14609375 0.16953125
2 0.2984375 0.47109375 0.06328125 0.1
2 0.70234375 0.38046875 0.078125 0.0875
2 0.1640625 0.2296875 0.05625 0.03671875
2 0.9625 0.45390625 0.07265625 0.08828125
2 0.39921875 0.4625 0.053125 0.1015625
2 0.9671875 0.1875 0.05859375 0.04140625
2 0.6625 0.31015625 0.07890625 0.08125
2 0.39375 0.35 0.04140625 0.06953125
2 0.98125 0.21953125 0.03515625 0.04453125
2 0.5015625 0.2671875 0.06015625 0.059375
5 0.37734375 0.2265625 0.0265625 0.05234375
2 0.97890625 0.31796875 0.0421875 0.1234375
2 0.4515625 0.2375 0.03828125 0.04921875
2 0.57578125 0.315625 0.0671875 0.06875
2 0.36796875 0.29375 0.03984375 0.05546875
5 0.30390625 0.0765625 0.0109375 0.01875
4 0.865625 0.2578125 0.01640625 0.04609375
2 0.30390625 0.340625 0.04609375 0.096875
3 0.2359375 0.38828125 0.05625 0.04609375
2 0.97578125 0.1984375 0.046875 0.053125
2 0.2515625 0.196875 0.04765625 0.03828125
4 0.93125 0.38515625 0.02421875 0.05859375
5 0.62265625 0.06484375 0.01328125 0.02109375
5 0.821875 0.0609375 0.01171875 0.01328125
3 0.659375 0.453125 0.04296875 0.0734375
1 0.36328125 0.15390625 0.03984375 0.059375
2 0.5828125 0.284375 0.0578125 0.0625
2 0.48359375 0.3203125 0.0328125 0.06875
2 0.99140625 0.521875 0.0171875 0.06796875
5 0.90703125 0.0875 0.0125 0.02265625
4 0.23828125 0.35703125 0.0296875 0.03671875
2 0.5078125 0.24453125 0.05546875 0.05390625
2 0.28671875 0.23671875 0.05390625 0.07265625
2 0.59453125 0.3640625 0.03125 0.06640625
2 0.396875 0.16171875 0.02421875 0.03046875
2 0.56484375 0.24453125 0.04140625 0.0515625
2 0.29375 0.2515625 0.05390625 0.0484375
4 0.7484375 0.29765625 0.02890625 0.05703125
3 0.2390625 0.36953125 0.0453125 0.0609375
5 0.68671875 0.06875 0.01484375 0.03125
4 0.6046875 0.16875 0.01328125 0.0296875
2 0.90546875 0.16171875 0.05546875 0.03515625