1 0.57265625 0.4265625 0.2703125 0.3328125
2 0.94453125 0.44375 0.11015625 0.11484375
2 0.79453125 0.38515625 0.096875 0.09609375
1 0.3625 0.66171875 0.08125 0.1703125
2 0.703125 0.38515625 0.09140625 0.08984375
2 0.9765625 0.5390625 0.04609375 0.10390625
2 0.39609375 0.40390625 0.059375 0.0953125
2 0.66484375 0.3265625 0.09296875 0.075
2 0.30703125 0.3625 0.0484375 0.10234375
2 0.9671875 0.18671875 0.05703125 0.03984375
2 0.98203125 0.21484375 0.034375 0.0421875
2 0.3734375 0.32421875 0.0484375 0.065625
2 0.30859375 0.2796875 0.03671875 0.05546875
5 0.6859375 0.05546875 0.01484375 0.01953125
2 0.34921875 0.26015625 0.03828125 0.05546875
2 0.28671875 0.25 0.0359375 0.046875
5 0.50859375 0.0578125 0.0140625 0.01796875
2 0.57421875 0.253125 0.0484375 0.05859375
1 0.36640625 0.146875 0.04609375 0.06171875
2 0.97890625 0.31484375 0.04140625 0.121875
3 0.23203125 0.38515625 0.0546875 0.0484375
2 0.246875 0.23046875 0.05 0.05
5 0.9078125 0.08515625 0.0109375 0.02265625
2 0.3140625 0.23125 0.03828125 0.03828125
5 0.62265625 0.05546875 0.01328125 0.01875
2 0.62890625 0.28046875 0.06875 0.05546875
4 0.24375 0.353125 0.025 0.040625
5 0.821875 0.0578125 0.0125 0.0140625
2 0.97734375 0.33046875 0.04140625 0.06484375
2 0.646875 0.303125 0.0859375 0.08046875