2 0.725 0.4765625 0.12421875 0.11328125
2 0.78515625 0.4 0.1390625 0.1578125
1 0.2828125 0.54453125 0.0734375 0.11875
2 0.94921875 0.49375 0.09765625 0.096875
2 0.9578125 0.6046875 0.0828125 0.13125
2 0.39609375 0.5171875 0.06171875 0.125
2 0.665625 0.3609375 0.071875 0.075
2 0.9671875 0.18828125 0.06015625 0.0421875
2 0.92109375 0.4234375 0.1234375 0.08203125
2 0.40078125 0.3953125 0.046875 0.08203125
2 0.30078125 0.39140625 0.0546875 0.0921875
2 0.21875 0.2328125 0.06015625 0.03984375
2 0.98125 0.21953125 0.03515625 0.04453125
2 0.47890625 0.2546875 0.04921875 0.05390625
2 0.37421875 0.315625 0.0453125 0.0609375
4 0.6859375 0.79375 0.03984375 0.12734375
4 0.89609375 0.3578125 0.02578125 0.046875
2 0.546875 0.30234375 0.06484375 0.065625
2 0.6421875 0.29921875 0.07578125 0.06953125
2 0.978125 0.315625 0.04375 0.1203125
2 0.34375 0.2359375 0.04296875 0.05390625
3 0.2328125 0.38984375 0.05546875 0.046875
3 0.6015625 0.409375 0.03046875 0.053125
2 0.31015625 0.29140625 0.04140625 0.09609375
5 0.30390625 0.0765625 0.0125 0.01796875
2 0.57734375 0.275 0.05 0.06015625
5 0.82109375 0.06484375 0.009375 0.0140625
4 0.27578125 0.2171875 0.01484375 0.03515625
1 0.36328125 0.153125 0.0421875 0.06015625
4 0.2390625 0.3578125 0.02890625 0.034375
2 0.12734375 0.2296875 0.0328125 0.03515625
5 0.621875 0.06484375 0.01328125 0.0203125
2 0.50625 0.35078125 0.03984375 0.06484375
4 0.84453125 0.23046875 0.01484375 0.0453125
2 0.43828125 0.2140625 0.03125 0.06015625
3 0.22109375 0.38984375 0.03203125 0.03828125
3 0.23828125 0.36875 0.04453125 0.05859375
2 0.3109375 0.26171875 0.04140625 0.0484375
5 0.90703125 0.0875 0.01328125 0.021875
2 0.40234375 0.15859375 0.03203125 0.0390625