2 0.8703125 0.41171875 0.13125 0.1265625
2 0.7328125 0.35703125 0.084375 0.08828125
2 0.41328125 0.5203125 0.06171875 0.11953125
1 0.3 0.4453125 0.0625 0.13828125
2 0.8203125 0.45390625 0.11796875 0.1078125
2 0.9671875 0.18984375 0.05859375 0.040625
2 0.39296875 0.3875 0.0546875 0.08515625
1 0.7671875 0.62578125 0.4625 0.6203125
2 0.31484375 0.31796875 0.03984375 0.0578125
2 0.98203125 0.21796875 0.034375 0.0421875
2 0.62734375 0.3390625 0.07734375 0.07265625
2 0.3609375 0.28984375 0.03828125 0.06328125
2 0.16171875 0.228125 0.071875 0.0421875
2 0.61328125 0.30546875 0.09296875 0.08515625
2 0.30703125 0.22890625 0.03828125 0.03515625
2 0.97890625 0.3171875 0.0421875 0.11875
5 0.821875 0.06015625 0.01171875 0.0140625
5 0.3046875 0.07578125 0.0109375 0.0171875
5 0.50859375 0.06015625 0.0140625 0.01484375
2 0.52578125 0.29453125 0.0609375 0.0546875
3 0.23359375 0.3875 0.05625 0.04765625
2 0.5703125 0.24921875 0.06015625 0.05546875
2 0.9765625 0.2015625 0.04609375 0.0609375
5 0.62265625 0.06328125 0.0125 0.02109375
2 0.2734375 0.24609375 0.04765625 0.053125
1 0.365625 0.1484375 0.04375 0.0671875
2 0.30078125 0.27578125 0.0359375 0.05625
2 0.48125 0.22421875 0.03671875 0.046875
5 0.5296875 0.3453125 0.04296875 0.06796875
5 0.9078125 0.0859375 0.01171875 0.02109375
2 0.42890625 0.159375 0.0234375 0.025
2 0.5109375 0.228125 0.04375 0.0703125
5 0.68671875 0.0578125 0.0125 0.015625
4 0.2359375 0.35625 0.02578125 0.03828125
3 0.23671875 0.3703125 0.0484375 0.0640625