2 0.86953125 0.409375 0.12734375 0.115625
2 0.73046875 0.35703125 0.08671875 0.0875
2 0.41328125 0.525 0.06328125 0.1203125
2 0.8171875 0.44921875 0.12109375 0.10234375
1 0.30078125 0.44765625 0.0640625 0.13828125
2 0.39375 0.38828125 0.05546875 0.0828125
2 0.9671875 0.18984375 0.05859375 0.040625
2 0.31484375 0.31953125 0.03828125 0.05859375
1 0.76953125 0.64140625 0.46015625 0.6375
2 0.62734375 0.34140625 0.075 0.06875
2 0.98125 0.21875 0.03515625 0.04296875
2 0.36171875 0.2921875 0.0375 0.0609375
2 0.16640625 0.2265625 0.0734375 0.0375
2 0.61171875 0.2984375 0.08828125 0.06640625
5 0.821875 0.06015625 0.0109375 0.01328125
2 0.9796875 0.31484375 0.040625 0.1234375
5 0.50859375 0.06015625 0.0140625 0.01484375
5 0.3046875 0.07578125 0.0109375 0.0171875
2 0.2734375 0.246875 0.046875 0.053125
3 0.23359375 0.38671875 0.05703125 0.0484375
2 0.525 0.29453125 0.0609375 0.05546875
5 0.62265625 0.06328125 0.01328125 0.02109375
2 0.571875 0.25 0.06328125 0.0578125
5 0.9078125 0.08671875 0.01171875 0.021875
5 0.68671875 0.0578125 0.0125 0.015625
2 0.3078125 0.2296875 0.03671875 0.03515625
2 0.3015625 0.2765625 0.0375 0.05390625
4 0.2359375 0.35625 0.0265625 0.03828125
2 0.5109375 0.221875 0.04296875 0.06328125
3 0.23671875 0.3703125 0.04765625 0.06640625
2 0.42890625 0.159375 0.0234375 0.02578125
2 0.48125 0.22421875 0.03671875 0.04609375
2 0.978125 0.3453125 0.040625 0.07265625