2 0.4140625 0.50390625 0.06171875 0.11796875
2 0.8453125 0.46328125 0.12578125 0.115625
2 0.8796875 0.41484375 0.134375 0.12421875
2 0.740625 0.36171875 0.08515625 0.08515625
2 0.30078125 0.43203125 0.05859375 0.13203125
2 0.96640625 0.18984375 0.05859375 0.03984375
2 0.38984375 0.37890625 0.05078125 0.08203125
2 0.1546875 0.2234375 0.071875 0.04375
1 0.7484375 0.58125 0.4796875 0.55625
2 0.98203125 0.2171875 0.034375 0.04296875
2 0.36015625 0.28671875 0.03671875 0.065625
2 0.3125 0.3140625 0.03828125 0.06171875
2 0.9796875 0.31484375 0.040625 0.1296875
2 0.5671875 0.25 0.0515625 0.0546875
5 0.821875 0.059375 0.01171875 0.01328125
3 0.23359375 0.38828125 0.05390625 0.046875
2 0.4828125 0.22734375 0.0421875 0.05
2 0.284375 0.2421875 0.07109375 0.05859375
2 0.61953125 0.31015625 0.09140625 0.0859375
4 0.23671875 0.35703125 0.0265625 0.03828125
2 0.5328125 0.3 0.06171875 0.0578125
2 0.9765625 0.20078125 0.04609375 0.0578125
1 0.36875 0.1484375 0.05 0.06640625
5 0.50859375 0.06015625 0.0140625 0.01484375
2 0.3375 0.25078125 0.0359375 0.0453125
5 0.621875 0.0625 0.01328125 0.02109375
2 0.2984375 0.26875 0.04140625 0.05859375
2 0.51171875 0.215625 0.040625 0.05078125
5 0.68671875 0.0578125 0.0125 0.015625
5 0.9078125 0.0859375 0.01171875 0.02109375
3 0.23828125 0.36484375 0.040625 0.05703125
5 0.3046875 0.07578125 0.0109375 0.0171875
2 0.42890625 0.15859375 0.02421875 0.0265625
2 0.63046875 0.34609375 0.08671875 0.06953125