2 0.7046875 0.34921875 0.10234375 0.08671875
2 0.7875 0.4296875 0.11015625 0.1015625
2 0.35390625 0.51796875 0.06484375 0.11796875
2 0.85 0.41015625 0.10625 0.10390625
2 0.38125 0.35625 0.05078125 0.078125
2 0.61796875 0.34765625 0.07421875 0.0828125
2 0.98203125 0.2140625 0.03359375 0.03984375
2 0.9671875 0.18515625 0.0546875 0.04296875
2 0.98359375 0.46796875 0.0328125 0.096875
1 0.49453125 0.3484375 0.18203125 0.24296875
2 0.3640625 0.2953125 0.04375 0.05546875
1 0.30234375 0.321875 0.04609375 0.090625
2 0.33828125 0.240625 0.03359375 0.05078125
4 0.60234375 0.959375 0.08046875 0.07578125
2 0.5484375 0.28125 0.06328125 0.06328125
2 0.64609375 0.28984375 0.071875 0.06640625
5 0.5078125 0.0578125 0.01484375 0.01796875
3 0.80625 0.52890625 0.04140625 0.0765625
2 0.278125 0.2375 0.05390625 0.05703125
2 0.58125 0.25625 0.0515625 0.0578125
1 0.3640625 0.146875 0.04140625 0.0625
5 0.803125 0.19296875 0.01796875 0.0421875
5 0.90703125 0.08359375 0.01171875 0.0234375
2 0.42734375 0.15625 0.0234375 0.02890625
5 0.20390625 0.1078125 0.01015625 0.021875
2 0.3015625 0.25859375 0.03203125 0.0375
2 0.02109375 0.2265625 0.0421875 0.03203125
5 0.6875 0.05390625 0.01328125 0.01953125
2 0.9796875 0.33671875 0.040625 0.08125
2 0.446875 0.196875 0.02421875 0.0421875
5 0.82109375 0.05546875 0.01328125 0.015625
2 0.0609375 0.21640625 0.0453125 0.028125
3 0.2328125 0.384375 0.05859375 0.04921875
2 0.46015625 0.15625 0.021875 0.03125
2 0.1625 0.20703125 0.0640625 0.0328125
2 0.52578125 0.2234375 0.0421875 0.05390625
2 0.03984375 0.21953125 0.075 0.03203125