1 0.50390625 0.353125 0.1953125 0.25625
2 0.83828125 0.409375 0.10078125 0.10234375
2 0.353125 0.5359375 0.0671875 0.12578125
2 0.69765625 0.346875 0.09921875 0.084375
2 0.97734375 0.45859375 0.0453125 0.1078125
2 0.384375 0.3625 0.05078125 0.0828125
2 0.77734375 0.4265625 0.1078125 0.09921875
2 0.98203125 0.2140625 0.034375 0.04140625
2 0.6171875 0.3484375 0.06796875 0.0734375
2 0.3640625 0.29921875 0.04453125 0.05859375
2 0.96875 0.1859375 0.05625 0.0421875
2 0.5453125 0.27890625 0.0609375 0.0625
2 0.30234375 0.32734375 0.04375 0.09609375
2 0.20390625 0.2296875 0.0625 0.04921875
1 0.36328125 0.14765625 0.04140625 0.0609375
2 0.6421875 0.2921875 0.06953125 0.0625
2 0.5796875 0.25625 0.0515625 0.06015625
5 0.50859375 0.0578125 0.0140625 0.01796875
2 0.340625 0.24296875 0.034375 0.0515625
2 0.2734375 0.24140625 0.04453125 0.05234375
5 0.8046875 0.190625 0.01875 0.03828125
2 0.52109375 0.221875 0.04609375 0.0609375
5 0.6875 0.05390625 0.01328125 0.01796875
2 0.97890625 0.3140625 0.04140625 0.12578125
2 0.30234375 0.259375 0.03203125 0.0375
2 0.0234375 0.2265625 0.04609375 0.03125
4 0.5640625 0.9734375 0.0625 0.05234375
2 0.42734375 0.15625 0.0234375 0.0296875
5 0.20390625 0.10703125 0.01015625 0.02109375
5 0.82109375 0.05625 0.0125 0.015625
2 0.46015625 0.15546875 0.021875 0.03203125
2 0.75546875 0.47421875 0.0625 0.10625
3 0.2328125 0.384375 0.05625 0.05
5 0.90703125 0.0859375 0.01171875 0.0265625
2 0.44609375 0.1984375 0.0234375 0.04140625
4 0.24375 0.35703125 0.0265625 0.0390625
3 0.78125 0.51875 0.04453125 0.06328125