1 0.53359375 0.384375 0.225 0.28984375
2 0.73671875 0.403125 0.1078125 0.1
2 0.81640625 0.39765625 0.1015625 0.1
2 0.68359375 0.334375 0.1 0.0765625
2 0.95859375 0.4625 0.08203125 0.13671875
2 0.38984375 0.38125 0.05703125 0.0875
2 0.98203125 0.21484375 0.034375 0.0421875
2 0.30625 0.34375 0.04765625 0.096875
2 0.96796875 0.18671875 0.05546875 0.040625
2 0.36875 0.309375 0.04765625 0.06328125
2 0.27890625 0.24609375 0.03828125 0.04609375
2 0.22109375 0.228125 0.05390625 0.05
5 0.50859375 0.0578125 0.0140625 0.01875
5 0.6859375 0.0546875 0.01484375 0.0203125
2 0.3046875 0.271875 0.03359375 0.04140625
2 0.575 0.25390625 0.05 0.0578125
3 0.7203125 0.48046875 0.0453125 0.06875
2 0.3453125 0.25 0.03515625 0.0546875
2 0.63671875 0.28359375 0.06484375 0.06015625
1 0.36640625 0.14609375 0.04609375 0.0625
2 0.5296875 0.26875 0.07109375 0.06796875
2 0.9796875 0.3390625 0.03984375 0.0796875
2 0.18203125 0.2046875 0.0515625 0.03359375
2 0.5171875 0.215625 0.04921875 0.0546875
5 0.9078125 0.08515625 0.0109375 0.0234375
2 0.2296875 0.38359375 0.05703125 0.05
5 0.82109375 0.05703125 0.01328125 0.01484375
2 0.4265625 0.15546875 0.0234375 0.03125
5 0.6234375 0.05546875 0.0140625 0.01796875
4 0.24375 0.35390625 0.025 0.04296875
2 0.30390625 0.22578125 0.0390625 0.0375
4 0.734375 0.30078125 0.02109375 0.06796875
2 0.459375 0.15546875 0.02265625 0.03359375