2 0.41484375 0.596875 0.06953125 0.14921875
2 0.83671875 0.39609375 0.11796875 0.1140625
1 0.8109375 0.6921875 0.3765625 0.615625
2 0.290625 0.49609375 0.0734375 0.15078125
2 0.3984375 0.42890625 0.05625 0.08984375
2 0.7484375 0.41171875 0.10546875 0.09296875
2 0.96640625 0.190625 0.05859375 0.040625
2 0.7046875 0.340625 0.0765625 0.07109375
2 0.603125 0.32734375 0.07265625 0.0734375
2 0.209375 0.23359375 0.053125 0.03828125
2 0.98125 0.21953125 0.03515625 0.04375
2 0.98515625 0.48046875 0.02734375 0.06640625
2 0.3171875 0.340625 0.04140625 0.06875
2 0.51796875 0.29296875 0.0578125 0.059375
2 0.365625 0.29609375 0.04765625 0.07734375
3 0.23203125 0.384375 0.05859375 0.05234375
2 0.1734375 0.209375 0.05625 0.034375
2 0.97890625 0.31875 0.04140625 0.11953125
5 0.49296875 0.321875 0.0375 0.06953125
5 0.50859375 0.06015625 0.0140625 0.01484375
5 0.62265625 0.0625 0.01328125 0.0203125
5 0.821875 0.06015625 0.0125 0.0140625
5 0.3046875 0.07578125 0.0109375 0.01796875
2 0.5578125 0.2453125 0.04609375 0.0484375
2 0.30546875 0.2921875 0.0375 0.046875
2 0.6203125 0.2828125 0.05390625 0.06015625
1 0.36796875 0.14765625 0.05 0.06875
2 0.58828125 0.28828125 0.07421875 0.0625
2 0.309375 0.2453125 0.071875 0.05078125
2 0.4765625 0.22109375 0.03359375 0.0484375
5 0.9078125 0.08671875 0.0109375 0.021875
2 0.28828125 0.25234375 0.0453125 0.05390625
5 0.68671875 0.0625 0.0140625 0.02109375
4 0.77421875 0.15625 0.0125 0.02578125
4 0.834375 0.16875 0.0140625 0.03046875
2 0.725 0.3578125 0.115625 0.1140625