1 0.2859375 0.51171875 0.07578125 0.159375
2 0.825 0.38828125 0.115625 0.11171875
2 0.415625 0.621875 0.071875 0.1515625
1 0.82734375 0.68671875 0.3453125 0.5546875
2 0.734375 0.40078125 0.10234375 0.08671875
2 0.4015625 0.440625 0.059375 0.09296875
2 0.96640625 0.190625 0.05859375 0.040625
2 0.69765625 0.33671875 0.075 0.06796875
2 0.59765625 0.32421875 0.07265625 0.07734375
2 0.2171875 0.23125 0.05390625 0.0375
2 0.978125 0.47265625 0.04375 0.0734375
2 0.98203125 0.21796875 0.034375 0.0453125
2 0.31875 0.34765625 0.04296875 0.0703125
2 0.51171875 0.290625 0.05546875 0.05703125
2 0.9796875 0.31640625 0.040625 0.1375
3 0.23671875 0.38671875 0.0578125 0.04765625
2 0.6203125 0.27890625 0.05234375 0.05625
2 0.3046875 0.29453125 0.03828125 0.05625
5 0.50859375 0.06015625 0.0140625 0.015625
5 0.821875 0.06015625 0.01171875 0.01328125
5 0.62265625 0.0625 0.01328125 0.0203125
2 0.55546875 0.24296875 0.04296875 0.0453125
2 0.1796875 0.20859375 0.0578125 0.03359375
2 0.36796875 0.30703125 0.0453125 0.06875
5 0.3046875 0.07578125 0.01171875 0.01796875
5 0.9078125 0.08671875 0.0109375 0.02109375
2 0.58671875 0.284375 0.078125 0.0640625
5 0.48359375 0.31484375 0.03828125 0.0578125
1 0.36953125 0.14609375 0.0546875 0.0703125
5 0.6859375 0.06171875 0.01328125 0.01875
4 0.23828125 0.35703125 0.03046875 0.0375
4 0.77421875 0.15625 0.0125 0.02734375