2 0.753125 0.36875 0.0953125 0.096875
2 0.896875 0.49609375 0.1421875 0.1265625
2 0.9046875 0.425 0.13203125 0.11640625
2 0.41171875 0.46953125 0.0578125 0.1125
1 0.30078125 0.4046875 0.053125 0.1203125
1 0.68203125 0.5109375 0.403125 0.44296875
2 0.38515625 0.359375 0.0515625 0.07265625
2 0.9671875 0.18671875 0.06015625 0.040625
2 0.3578125 0.2765625 0.03671875 0.0625
2 0.65234375 0.35625 0.084375 0.078125
2 0.3109375 0.30234375 0.040625 0.059375
2 0.98203125 0.215625 0.034375 0.0421875
2 0.628125 0.31015625 0.0828125 0.07265625
2 0.1359375 0.22109375 0.05859375 0.0484375
2 0.27109375 0.2390625 0.06796875 0.05625
1 0.36953125 0.14609375 0.05234375 0.0640625
2 0.9796875 0.31328125 0.040625 0.12421875
2 0.48515625 0.22890625 0.03359375 0.0453125
2 0.32890625 0.24609375 0.0375 0.040625
5 0.5078125 0.05859375 0.0140625 0.01640625
2 0.02578125 0.2296875 0.0515625 0.034375
2 0.20703125 0.20078125 0.05390625 0.03359375
2 0.5703125 0.25 0.05078125 0.05546875
2 0.9765625 0.19921875 0.0453125 0.05625
3 0.2328125 0.38671875 0.05234375 0.04921875
5 0.68515625 0.05546875 0.01328125 0.0171875
5 0.821875 0.05859375 0.0125 0.01484375
2 0.29609375 0.26640625 0.03671875 0.046875
2 0.51484375 0.21328125 0.0390625 0.0546875
5 0.90859375 0.0859375 0.0109375 0.02265625
4 0.2375 0.35625 0.028125 0.0421875
5 0.30390625 0.075 0.01171875 0.0171875
2 0.428125 0.1578125 0.02578125 0.02890625
3 0.23671875 0.36875 0.0453125 0.06953125