2 0.9328125 0.59140625 0.134375 0.153125
2 0.2734375 0.59296875 0.08046875 0.1359375
2 0.696875 0.45703125 0.1109375 0.109375
2 0.9359375 0.4890625 0.128125 0.11875
2 0.39296875 0.559375 0.06796875 0.14140625
2 0.88671875 0.41015625 0.11171875 0.07578125
2 0.9671875 0.18984375 0.05703125 0.04140625
2 0.2984375 0.41328125 0.05703125 0.10078125
2 0.4015625 0.41796875 0.04921875 0.0875
2 0.64375 0.353125 0.065625 0.07109375
2 0.1421875 0.23046875 0.05390625 0.0375
2 0.37734375 0.3328125 0.0453125 0.06640625
2 0.98125 0.21875 0.0359375 0.04609375
2 0.53984375 0.2984375 0.059375 0.0609375
2 0.240625 0.23515625 0.0515625 0.03828125
2 0.309375 0.31796875 0.0421875 0.06484375
2 0.31796875 0.2703125 0.04140625 0.05078125
5 0.3421875 0.20703125 0.021875 0.03828125
2 0.978125 0.31640625 0.04375 0.121875
2 0.03203125 0.2234375 0.0609375 0.0328125
1 0.36171875 0.1546875 0.040625 0.05859375
2 0.3578125 0.25078125 0.04453125 0.0609375
2 0.56796875 0.2671875 0.04609375 0.05703125
3 0.234375 0.38984375 0.05703125 0.0484375
5 0.621875 0.06484375 0.0125 0.0203125
4 0.875 0.34921875 0.0203125 0.0375
5 0.82109375 0.0640625 0.009375 0.01484375
4 0.83125 0.21953125 0.0140625 0.04140625
5 0.30390625 0.0765625 0.01328125 0.01796875
2 0.63671875 0.2921875 0.0671875 0.06328125
2 0.4703125 0.2484375 0.04453125 0.05859375
2 0.521875 0.36484375 0.0421875 0.07890625
4 0.67890625 0.7296875 0.03359375 0.11015625
4 0.284375 0.221875 0.01328125 0.03515625
5 0.90703125 0.08671875 0.01328125 0.021875
2 0.21875 0.946875 0.12734375 0.1046875
2 0.403125 0.15703125 0.03359375 0.0421875
2 0.4421875 0.13046875 0.02109375 0.0203125
3 0.58203125 0.3828125 0.03046875 0.07421875
5 0.96640625 0.1296875 0.0140625 0.01875
5 0.6859375 0.0625 0.01171875 0.01640625
2 0.5515625 0.27578125 0.06953125 0.078125