2 0.76171875 0.36953125 0.09140625 0.090625
2 0.91171875 0.42578125 0.13203125 0.1171875
2 0.91796875 0.50390625 0.13984375 0.1234375
2 0.40625 0.4546875 0.05546875 0.10859375
2 0.9671875 0.18671875 0.059375 0.040625
2 0.38359375 0.3515625 0.04765625 0.075
1 0.66015625 0.496875 0.39140625 0.434375
2 0.13046875 0.22109375 0.05390625 0.046875
1 0.30234375 0.396875 0.05234375 0.12265625
2 0.98203125 0.215625 0.034375 0.0421875
2 0.3109375 0.30078125 0.03828125 0.05859375
2 0.659375 0.3578125 0.08359375 0.07421875
2 0.484375 0.23046875 0.03359375 0.0453125
1 0.36875 0.1453125 0.0515625 0.06328125
2 0.9796875 0.3125 0.040625 0.13125
5 0.5078125 0.05859375 0.01484375 0.0171875
2 0.265625 0.2359375 0.05859375 0.0515625
2 0.35546875 0.27265625 0.03671875 0.059375
2 0.63046875 0.30703125 0.08046875 0.06328125
3 0.234375 0.38515625 0.05234375 0.04921875
2 0.9765625 0.19921875 0.0453125 0.05546875
2 0.328125 0.2421875 0.03359375 0.0375
4 0.23828125 0.35703125 0.02890625 0.0453125
5 0.68515625 0.05546875 0.01328125 0.0171875
2 0.56875 0.25 0.04765625 0.05546875
2 0.20546875 0.20234375 0.05546875 0.034375
2 0.515625 0.209375 0.0390625 0.04765625
2 0.29375 0.2609375 0.0328125 0.053125
5 0.821875 0.05859375 0.01171875 0.0140625
5 0.9078125 0.0859375 0.0109375 0.02265625
5 0.62265625 0.05703125 0.01328125 0.01953125
4 0.7015625 0.2953125 0.01953125 0.0640625
2 0.428125 0.15703125 0.02734375 0.02890625
5 0.30390625 0.075 0.0109375 0.0171875