2 0.896875 0.41796875 0.13046875 0.11640625
2 0.74765625 0.365625 0.08984375 0.09140625
2 0.409375 0.48125 0.06015625 0.11328125
2 0.875 0.4828125 0.13828125 0.1171875
1 0.3046875 0.4125 0.0546875 0.1296875
2 0.3875 0.3640625 0.05078125 0.07421875
1 0.7078125 0.5234375 0.43828125 0.44609375
2 0.9671875 0.18671875 0.059375 0.040625
2 0.3578125 0.2796875 0.03671875 0.06484375
2 0.14296875 0.22578125 0.059375 0.0453125
2 0.98203125 0.21640625 0.034375 0.04375
2 0.31015625 0.30625 0.0375 0.06171875
2 0.64609375 0.35078125 0.0828125 0.0671875
2 0.97890625 0.31328125 0.04140625 0.12578125
1 0.36953125 0.14609375 0.0515625 0.06484375
2 0.53671875 0.29921875 0.0625 0.05546875
2 0.56796875 0.24921875 0.0453125 0.05546875
5 0.5078125 0.059375 0.0140625 0.015625
2 0.4859375 0.228125 0.03515625 0.0453125
2 0.6234375 0.30703125 0.08671875 0.0703125
5 0.821875 0.05859375 0.0125 0.01484375
2 0.025 0.22890625 0.05 0.0359375
2 0.33515625 0.24765625 0.0328125 0.04453125
3 0.2328125 0.38671875 0.05234375 0.04765625
4 0.2375 0.35625 0.02890625 0.0390625
2 0.5171875 0.2078125 0.03359375 0.0421875
2 0.978125 0.203125 0.04296875 0.059375
5 0.68515625 0.05625 0.01328125 0.0171875
2 0.42890625 0.1578125 0.025 0.0265625
5 0.9078125 0.0859375 0.0109375 0.02265625
2 0.275 0.240625 0.06328125 0.05625
2 0.63203125 0.33125 0.1015625 0.109375
3 0.2375 0.36640625 0.04296875 0.06328125
2 0.29609375 0.26640625 0.0375 0.05234375
5 0.30390625 0.075 0.0109375 0.0171875
5 0.621875 0.06171875 0.01484375 0.0234375