2 0.41015625 0.74140625 0.0875 0.2
1 0.2671875 0.59765625 0.1 0.19921875
2 0.7875 0.37265625 0.10546875 0.103125
2 0.4078125 0.50078125 0.06484375 0.11015625
2 0.684375 0.3765625 0.09296875 0.08203125
1 0.9046875 0.753125 0.190625 0.47890625
2 0.96640625 0.18984375 0.05859375 0.03984375
2 0.57890625 0.30703125 0.07421875 0.07890625
2 0.13828125 0.23046875 0.04765625 0.03984375
2 0.98203125 0.21796875 0.034375 0.04375
2 0.25234375 0.2328125 0.046875 0.0453125
2 0.3234375 0.3859375 0.04453125 0.084375
2 0.30859375 0.31484375 0.0390625 0.05703125
2 0.66796875 0.32109375 0.0703125 0.065625
2 0.94453125 0.47734375 0.11015625 0.13125
2 0.3765625 0.32421875 0.04609375 0.06796875
5 0.821875 0.06015625 0.01171875 0.0140625
5 0.6234375 0.06328125 0.0125 0.0203125
2 0.9796875 0.31640625 0.040625 0.11796875
3 0.23515625 0.38828125 0.0578125 0.04453125
2 0.609375 0.27109375 0.06171875 0.0546875
4 0.23359375 0.35859375 0.0265625 0.03671875
2 0.2 0.20546875 0.0609375 0.034375
1 0.36640625 0.1484375 0.046875 0.0671875
2 0.29609375 0.26875 0.040625 0.0609375
2 0.4984375 0.27890625 0.05 0.06171875
2 0.94765625 0.4453125 0.1046875 0.071875
5 0.30546875 0.07578125 0.0125 0.01796875
2 0.33359375 0.2484375 0.040625 0.046875
5 0.68671875 0.0578125 0.0125 0.01484375
5 0.9078125 0.08671875 0.01171875 0.021875
5 0.4515625 0.29765625 0.03125 0.05625
3 0.23671875 0.3671875 0.04296875 0.05703125
2 0.365625 0.2734375 0.0375 0.0375