2 0.209375 0.83359375 0.14609375 0.309375
1 0.4140625 0.6515625 0.07734375 0.153125
2 0.88828125 0.43203125 0.1234375 0.0984375
2 0.73203125 0.346875 0.09453125 0.0921875
2 0.3171875 0.47421875 0.05703125 0.10234375
2 0.6328125 0.3484375 0.0828125 0.07890625
2 0.965625 0.190625 0.05859375 0.04140625
2 0.81953125 0.44375 0.096875 0.1
2 0.39765625 0.959375 0.1328125 0.08125
2 0.20390625 0.23515625 0.05703125 0.0421875
2 0.97421875 0.48359375 0.05 0.1578125
2 0.98125 0.21875 0.03515625 0.0453125
2 0.3015625 0.29453125 0.04375 0.0609375
2 0.54609375 0.28359375 0.06484375 0.09296875
2 0.28984375 0.24921875 0.046875 0.04765625
4 0.93515625 0.33125 0.0203125 0.05546875
2 0.31171875 0.35390625 0.04375 0.07421875
2 0.3875 0.35390625 0.04765625 0.08359375
3 0.940625 0.63828125 0.08125 0.084375
5 0.821875 0.0609375 0.0125 0.01328125
2 0.35 0.2625 0.03828125 0.046875
3 0.2375 0.3890625 0.05546875 0.04375
3 0.80234375 0.48828125 0.05546875 0.08984375
5 0.30390625 0.0765625 0.0109375 0.01875
2 0.48359375 0.26328125 0.0421875 0.0546875
2 0.96875 0.6140625 0.0609375 0.1234375
2 0.97890625 0.3328125 0.0421875 0.1015625
5 0.62265625 0.0640625 0.0125 0.01953125
5 0.9078125 0.0875 0.0125 0.021875
2 0.62109375 0.29375 0.05859375 0.0578125
4 0.23359375 0.35859375 0.02421875 0.0359375
5 0.4140625 0.265625 0.02265625 0.0484375
5 0.68671875 0.0640625 0.0140625 0.025
1 0.365625 0.15 0.04609375 0.065625