2 0.41484375 0.6421875 0.07421875 0.16015625
1 0.284375 0.53046875 0.08125 0.16796875
2 0.81875 0.3875 0.11484375 0.1109375
1 0.84140625 0.7140625 0.315625 0.565625
2 0.721875 0.4 0.10078125 0.09296875
2 0.4015625 0.44921875 0.05703125 0.09921875
2 0.96640625 0.18984375 0.05859375 0.040625
2 0.590625 0.3171875 0.078125 0.07890625
2 0.9703125 0.465625 0.05703125 0.0703125
2 0.3203125 0.35234375 0.04453125 0.0734375
2 0.69140625 0.33359375 0.075 0.065625
2 0.98125 0.21875 0.03515625 0.04453125
2 0.98046875 0.53125 0.0375 0.0984375
2 0.30625 0.30234375 0.0375 0.04765625
2 0.3703125 0.30859375 0.04296875 0.07109375
2 0.9796875 0.315625 0.040625 0.1359375
2 0.509375 0.29140625 0.05 0.0546875
2 0.2234375 0.234375 0.05390625 0.0359375
5 0.50859375 0.06015625 0.0140625 0.015625
2 0.1828125 0.21015625 0.0578125 0.03515625
2 0.553125 0.24140625 0.0421875 0.04453125
2 0.6171875 0.27890625 0.05234375 0.05859375
3 0.23515625 0.3875 0.0578125 0.04765625
5 0.821875 0.0609375 0.01171875 0.01328125
5 0.62265625 0.06328125 0.0140625 0.0203125
5 0.3046875 0.0765625 0.0109375 0.01875
2 0.58671875 0.2828125 0.0796875 0.06015625
2 0.290625 0.25625 0.04140625 0.05390625
5 0.90859375 0.0859375 0.0109375 0.02109375
2 0.32578125 0.24375 0.04453125 0.04453125
5 0.68671875 0.06171875 0.01328125 0.01953125
5 0.47734375 0.3125 0.040625 0.0671875
4 0.2359375 0.3578125 0.02890625 0.0359375
3 0.2375 0.371875 0.0484375 0.0625
1 0.36953125 0.14765625 0.05390625 0.06875