2 0.415625 0.64609375 0.075 0.159375
1 0.284375 0.53359375 0.08203125 0.16953125
2 0.81640625 0.3859375 0.1140625 0.1125
1 0.8453125 0.71640625 0.30703125 0.5625
2 0.71875 0.39765625 0.10234375 0.09375
2 0.4015625 0.45234375 0.059375 0.09921875
2 0.96640625 0.18984375 0.059375 0.04140625
2 0.58984375 0.31796875 0.075 0.0765625
2 0.6890625 0.33203125 0.07109375 0.06640625
2 0.96953125 0.46484375 0.05859375 0.071875
2 0.98203125 0.21875 0.03515625 0.04453125
2 0.31953125 0.3546875 0.04375 0.07734375
2 0.30625 0.296875 0.03828125 0.05
2 0.225 0.23359375 0.053125 0.0390625
2 0.18203125 0.20859375 0.05859375 0.03515625
3 0.23359375 0.384375 0.059375 0.05625
2 0.9796875 0.3140625 0.040625 0.13671875
2 0.37109375 0.31171875 0.04140625 0.06640625
5 0.50859375 0.06015625 0.0140625 0.015625
2 0.97890625 0.521875 0.04140625 0.0984375
2 0.50625 0.28359375 0.0546875 0.05625
5 0.821875 0.0609375 0.01171875 0.01328125
2 0.55234375 0.24140625 0.0421875 0.0453125
2 0.6171875 0.27890625 0.0546875 0.0578125
2 0.28984375 0.2546875 0.03828125 0.04765625
5 0.62265625 0.06171875 0.01328125 0.01953125
2 0.32578125 0.24453125 0.04375 0.04453125
5 0.3046875 0.0765625 0.0109375 0.01875
2 0.58359375 0.28359375 0.07421875 0.0609375
5 0.90859375 0.0859375 0.0109375 0.0203125
5 0.68671875 0.06171875 0.01328125 0.01875
1 0.36953125 0.14765625 0.05390625 0.06875
2 0.47421875 0.21953125 0.03671875 0.04921875
5 0.475 0.31328125 0.04140625 0.0703125
4 0.2359375 0.3578125 0.02890625 0.03671875