2 0.26953125 0.74375 0.10234375 0.19296875
2 0.7703125 0.50078125 0.140625 0.12578125
2 0.81875 0.41328125 0.134375 0.16328125
2 0.29609375 0.496875 0.0671875 0.11171875
2 0.94921875 0.44140625 0.09921875 0.08125
2 0.18828125 0.23359375 0.05703125 0.03671875
2 0.9703125 0.5109375 0.0578125 0.09375
2 0.9671875 0.1875 0.06015625 0.04296875
2 0.6875 0.37265625 0.075 0.0828125
2 0.3984375 0.4828125 0.05390625 0.10625
2 0.98125 0.21875 0.03515625 0.04609375
2 0.36953125 0.30234375 0.04296875 0.059375
2 0.39765625 0.36328125 0.0421875 0.07421875
2 0.659375 0.30546875 0.07890625 0.0765625
2 0.48984375 0.2640625 0.053125 0.053125
2 0.978125 0.3171875 0.04375 0.128125
4 0.8578125 0.246875 0.01484375 0.04609375
2 0.303125 0.3578125 0.04765625 0.0890625
5 0.621875 0.06484375 0.0125 0.021875
2 0.97578125 0.2 0.046875 0.059375
2 0.63359375 0.43359375 0.03671875 0.075
1 0.30546875 0.28046875 0.040625 0.06796875
2 0.56484375 0.3109375 0.06640625 0.065625
5 0.821875 0.0609375 0.01171875 0.01328125
5 0.30390625 0.07578125 0.0109375 0.01796875
2 0.58125 0.2796875 0.0546875 0.05625
5 0.36640625 0.221875 0.02578125 0.04453125
2 0.446875 0.2265625 0.03515625 0.05546875
3 0.23359375 0.3890625 0.0546875 0.046875
2 0.75703125 0.36484375 0.06640625 0.06796875
5 0.9078125 0.08671875 0.0125 0.0234375
1 0.36328125 0.15234375 0.04296875 0.0609375
2 0.6734375 0.34609375 0.1015625 0.13671875
2 0.25625 0.19296875 0.046875 0.0375
4 0.91640625 0.378125 0.02890625 0.0609375
4 0.746875 0.29609375 0.0328125 0.059375
2 0.30859375 0.221875 0.03828125 0.040625
1 0.05859375 0.25703125 0.1171875 0.0953125
2 0.49921875 0.24765625 0.06171875 0.0625