2 0.7140625 0.465625 0.12109375 0.115625
2 0.27890625 0.56171875 0.07578125 0.1265625
1 0.23125 0.903125 0.134375 0.19375
2 0.39609375 0.53671875 0.0609375 0.1328125
2 0.94765625 0.60859375 0.1046875 0.15234375
2 0.94296875 0.49140625 0.1140625 0.121875
2 0.90546875 0.4140625 0.1203125 0.07421875
2 0.9671875 0.190625 0.0578125 0.04296875
2 0.65625 0.35703125 0.06953125 0.07421875
2 0.54296875 0.30078125 0.065625 0.0625
2 0.22578125 0.23359375 0.0578125 0.04140625
2 0.4 0.403125 0.04765625 0.08046875
2 0.3 0.3984375 0.05625 0.0921875
2 0.5734375 0.27109375 0.05 0.06015625
2 0.63984375 0.296875 0.071875 0.06328125
2 0.3484375 0.2453125 0.04140625 0.0578125
2 0.98125 0.2203125 0.0359375 0.04296875
2 0.13203125 0.22890625 0.03984375 0.03671875
2 0.47734375 0.253125 0.04609375 0.053125
2 0.3765625 0.321875 0.04453125 0.0609375
3 0.2328125 0.390625 0.05625 0.04609375
4 0.83984375 0.225 0.01640625 0.04296875
2 0.021875 0.22265625 0.04140625 0.0359375
3 0.59453125 0.39296875 0.03203125 0.078125
2 0.978125 0.315625 0.04375 0.109375
2 0.5125 0.3515625 0.04296875 0.071875
5 0.30390625 0.07734375 0.01171875 0.01796875
5 0.821875 0.0640625 0.009375 0.01484375
5 0.621875 0.06484375 0.0125 0.0203125
2 0.3109375 0.29609375 0.0453125 0.09375
4 0.27890625 0.2203125 0.0125 0.0359375
1 0.36171875 0.15390625 0.0421875 0.059375
4 0.2390625 0.3578125 0.03046875 0.03515625
5 0.9078125 0.08671875 0.01328125 0.021875
3 0.23984375 0.3671875 0.04296875 0.05546875
3 0.22109375 0.38984375 0.03203125 0.0390625