2 0.41171875 0.72734375 0.0859375 0.1921875
2 0.26953125 0.5890625 0.09609375 0.19609375
2 0.790625 0.37421875 0.10625 0.10390625
2 0.4078125 0.496875 0.06171875 0.10625
1 0.89375 0.75078125 0.21015625 0.49140625
2 0.68671875 0.3765625 0.096875 0.08828125
2 0.96640625 0.18984375 0.06015625 0.040625
2 0.58125 0.309375 0.07421875 0.078125
2 0.32265625 0.3796875 0.04375 0.08125
2 0.98203125 0.2171875 0.03515625 0.04453125
2 0.30859375 0.31328125 0.03828125 0.0578125
2 0.37421875 0.321875 0.04765625 0.071875
2 0.25 0.23828125 0.05078125 0.040625
2 0.1359375 0.23046875 0.0421875 0.03984375
2 0.9484375 0.48125 0.10234375 0.1296875
5 0.50859375 0.06015625 0.01328125 0.01484375
5 0.821875 0.06015625 0.01171875 0.0140625
2 0.66875 0.31953125 0.06875 0.06015625
2 0.1953125 0.209375 0.05625 0.03515625
2 0.3328125 0.2484375 0.0390625 0.0453125
5 0.6234375 0.0640625 0.01328125 0.02109375
3 0.23515625 0.38671875 0.059375 0.04765625
2 0.9796875 0.315625 0.040625 0.1203125
2 0.61015625 0.271875 0.06015625 0.05703125
4 0.234375 0.359375 0.028125 0.0375
2 0.49921875 0.2765625 0.05078125 0.06171875
2 0.29296875 0.26328125 0.03828125 0.05078125
2 0.365625 0.271875 0.03828125 0.0375
5 0.68671875 0.0578125 0.0125 0.01484375
5 0.9078125 0.08671875 0.01171875 0.021875
1 0.365625 0.14921875 0.04453125 0.06640625
5 0.30546875 0.07578125 0.0125 0.01796875
3 0.23671875 0.3703125 0.046875 0.0609375
2 0.5671875 0.278125 0.0625 0.0546875
4 0.77421875 0.15625 0.0125 0.0265625
2 0.953125 0.45078125 0.09296875 0.078125
2 0.47265625 0.2125 0.03125 0.0453125