2 0.88203125 0.415625 0.1375 0.12109375
2 0.4125 0.5 0.0609375 0.11875
2 0.73984375 0.3609375 0.0890625 0.0859375
2 0.8484375 0.4671875 0.128125 0.1171875
2 0.3 0.43046875 0.05859375 0.12578125
2 0.96640625 0.18984375 0.0578125 0.03984375
2 0.153125 0.22265625 0.0703125 0.04296875
1 0.73984375 0.56640625 0.471875 0.5375
2 0.38984375 0.37578125 0.05 0.08203125
2 0.98203125 0.2171875 0.034375 0.04375
2 0.3125 0.3125 0.0375 0.0609375
2 0.359375 0.28515625 0.03671875 0.06640625
2 0.63046875 0.346875 0.08671875 0.06796875
2 0.9796875 0.31640625 0.040625 0.1296875
4 0.2359375 0.35703125 0.0265625 0.03984375
5 0.821875 0.059375 0.0125 0.0140625
2 0.534375 0.3 0.0609375 0.059375
2 0.56796875 0.24921875 0.04921875 0.0546875
3 0.234375 0.3875 0.0515625 0.046875
5 0.50859375 0.059375 0.0140625 0.01484375
2 0.9765625 0.2015625 0.0453125 0.0578125
2 0.61953125 0.3015625 0.0890625 0.06640625
2 0.28359375 0.24140625 0.06875 0.0578125
1 0.36796875 0.1484375 0.0484375 0.065625
2 0.48359375 0.228125 0.04140625 0.04921875
5 0.9078125 0.0859375 0.01171875 0.02265625
2 0.5125 0.21796875 0.03984375 0.05546875
5 0.30390625 0.07578125 0.0109375 0.0171875
2 0.2984375 0.26796875 0.04140625 0.06015625
5 0.68671875 0.0578125 0.0125 0.015625
3 0.23828125 0.36484375 0.03984375 0.05703125
5 0.62265625 0.06171875 0.01328125 0.02109375
2 0.33828125 0.25 0.034375 0.04609375
2 0.02578125 0.2265625 0.0515625 0.034375
2 0.42890625 0.15859375 0.02578125 0.02734375
4 0.73359375 0.29375 0.021875 0.0546875