2 0.41015625 0.77109375 0.08984375 0.20859375
2 0.2609375 0.6203125 0.10625 0.2046875
2 0.78046875 0.36796875 0.10859375 0.11015625
2 0.4109375 0.51171875 0.06640625 0.115625
2 0.67734375 0.37109375 0.09296875 0.08828125
2 0.96640625 0.18984375 0.06015625 0.040625
2 0.140625 0.23125 0.05390625 0.03828125
2 0.325 0.39375 0.046875 0.0859375
2 0.98203125 0.21875 0.03515625 0.04375
2 0.57578125 0.3078125 0.06875 0.07265625
1 0.921875 0.7703125 0.15625 0.45390625
2 0.31015625 0.31328125 0.0421875 0.0671875
2 0.26015625 0.23828125 0.05078125 0.04375
2 0.9328125 0.48203125 0.12265625 0.0921875
2 0.66015625 0.315625 0.06953125 0.0640625
2 0.2015625 0.20546875 0.0578125 0.03359375
2 0.37734375 0.3265625 0.04765625 0.07421875
2 0.97890625 0.31484375 0.0421875 0.1171875
5 0.821875 0.06015625 0.01328125 0.0140625
5 0.6234375 0.0625 0.01171875 0.01953125
2 0.49765625 0.27890625 0.0515625 0.06015625
5 0.43984375 0.28359375 0.03125 0.05546875
3 0.23203125 0.3890625 0.0515625 0.0453125
2 0.6046875 0.2703125 0.05859375 0.0578125
2 0.94140625 0.446875 0.1125 0.08515625
5 0.30546875 0.07578125 0.0125 0.01796875
4 0.2328125 0.35859375 0.02578125 0.0359375
2 0.33671875 0.25078125 0.0421875 0.04609375
1 0.3671875 0.146875 0.0484375 0.06875
5 0.90859375 0.08671875 0.01171875 0.021875
5 0.68671875 0.0578125 0.0125 0.01484375
2 0.365625 0.275 0.0375 0.03984375
2 0.29765625 0.2703125 0.040625 0.05625
4 0.7109375 0.19921875 0.01171875 0.0359375
3 0.221875 0.38984375 0.02890625 0.0359375
3 0.2359375 0.3703125 0.04296875 0.05859375
4 0.93125 0.53046875 0.04921875 0.07109375