2 0.9203125 0.58125 0.159375 0.14453125
2 0.40703125 0.8140625 0.09453125 0.2375
2 0.30859375 0.53984375 0.0703125 0.12265625
2 0.7625 0.41171875 0.08984375 0.09140625
2 0.69765625 0.33046875 0.0859375 0.0859375
2 0.9671875 0.18984375 0.05703125 0.04296875
2 0.8328125 0.40390625 0.08671875 0.09296875
2 0.3109375 0.3953125 0.046875 0.08515625
2 0.39609375 0.3921875 0.0484375 0.0875
2 0.60546875 0.334375 0.08203125 0.0765625
3 0.78125 0.55703125 0.06015625 0.07265625
2 0.38046875 0.31640625 0.040625 0.05625
2 0.98125 0.21953125 0.03515625 0.0453125
2 0.25078125 0.2390625 0.040625 0.0421875
2 0.30390625 0.3109375 0.0421875 0.0671875
2 0.35625 0.27421875 0.03828125 0.0484375
3 0.22890625 0.38359375 0.06171875 0.04921875
2 0.97890625 0.3203125 0.0421875 0.1109375
5 0.821875 0.0609375 0.0125 0.01328125
4 0.90078125 0.2984375 0.015625 0.0515625
4 0.78203125 0.5109375 0.03984375 0.0609375
5 0.621875 0.06484375 0.0125 0.02109375
2 0.52734375 0.26484375 0.0546875 0.08046875
3 0.70703125 0.4359375 0.04296875 0.0796875
5 0.40390625 0.2515625 0.02421875 0.06015625
2 0.23828125 0.19921875 0.04453125 0.0328125
4 0.7453125 0.2046875 0.01328125 0.0375
5 0.90703125 0.0875 0.0125 0.021875
2 0.6 0.2859375 0.05859375 0.05703125
5 0.30390625 0.07734375 0.0109375 0.01875
2 0.29765625 0.26171875 0.0421875 0.05390625
2 0.528125 0.28984375 0.0546875 0.053125
1 0.36875 0.1484375 0.0546875 0.06953125
2 0.45546875 0.290625 0.02890625 0.0625
4 0.740625 0.30234375 0.02734375 0.0515625