2 0.85234375 0.40546875 0.1171875 0.1171875
2 0.4140625 0.5578125 0.065625 0.1328125
2 0.29765625 0.46796875 0.06796875 0.14921875
2 0.78828125 0.4375 0.11484375 0.096875
2 0.72109375 0.35 0.08828125 0.08359375
2 0.396875 0.40546875 0.05625 0.0875
1 0.79140625 0.6765625 0.4171875 0.64609375
2 0.9671875 0.190625 0.05859375 0.040625
2 0.315625 0.3296875 0.04140625 0.065625
2 0.98125 0.21953125 0.03515625 0.04375
2 0.6125 0.3328125 0.07734375 0.0796875
2 0.1890625 0.23125 0.05859375 0.0375
5 0.50859375 0.0640625 0.0140625 0.01796875
2 0.3640625 0.296875 0.040625 0.0671875
2 0.3015625 0.27890625 0.0375 0.05078125
3 0.234375 0.38828125 0.05859375 0.04609375
5 0.821875 0.0609375 0.0109375 0.01328125
2 0.97890625 0.31796875 0.0421875 0.10546875
5 0.3046875 0.0765625 0.0109375 0.0171875
5 0.62265625 0.06484375 0.0125 0.021875
4 0.23515625 0.35703125 0.0265625 0.03828125
2 0.5984375 0.29140625 0.07890625 0.06015625
1 0.3671875 0.14921875 0.046875 0.06640625
5 0.68671875 0.0625 0.01328125 0.0203125
2 0.56484375 0.2484375 0.05 0.0546875
5 0.9078125 0.0875 0.01171875 0.02265625
4 0.946875 0.75703125 0.03125 0.0796875
2 0.521875 0.29609375 0.059375 0.05703125
2 0.47734375 0.2234375 0.03203125 0.04453125
2 0.42890625 0.159375 0.0234375 0.02578125
2 0.2890625 0.25 0.0609375 0.05625
3 0.2375 0.365625 0.0421875 0.05546875
2 0.16328125 0.2125 0.059375 0.03125
2 0.978125 0.34609375 0.0421875 0.07109375
5 0.51328125 0.32734375 0.03984375 0.0640625
2 0.621875 0.28125 0.05625 0.059375
2 0.50859375 0.21328125 0.0390625 0.053125