2 0.734375 0.4015625 0.1 0.096875
2 0.8140625 0.39609375 0.103125 0.10234375
2 0.68203125 0.334375 0.096875 0.07734375
1 0.5359375 0.38828125 0.22578125 0.3
2 0.95703125 0.459375 0.08515625 0.13359375
2 0.39296875 0.3859375 0.05625 0.08828125
2 0.98203125 0.21484375 0.034375 0.0421875
2 0.3046875 0.3453125 0.04765625 0.096875
2 0.96796875 0.18671875 0.05546875 0.040625
2 0.36875 0.3109375 0.04765625 0.0640625
2 0.27890625 0.246875 0.03671875 0.04765625
5 0.221875 0.228125 0.0515625 0.05
5 0.50859375 0.0578125 0.0140625 0.01875
5 0.6859375 0.0546875 0.01484375 0.0203125
2 0.30390625 0.271875 0.03203125 0.04609375
5 0.34609375 0.25078125 0.0359375 0.05703125
2 0.57578125 0.25390625 0.0484375 0.05703125
2 0.63515625 0.28359375 0.06171875 0.059375
2 0.53671875 0.26953125 0.0609375 0.06171875
3 0.7171875 0.47578125 0.040625 0.06328125
1 0.36484375 0.146875 0.04296875 0.0625
2 0.9796875 0.33828125 0.040625 0.08125
2 0.30390625 0.22578125 0.03671875 0.0359375
5 0.9078125 0.084375 0.0109375 0.02265625
2 0.459375 0.15546875 0.021875 0.03125
2 0.23125 0.38359375 0.05703125 0.05
2 0.42734375 0.15625 0.0234375 0.03046875
5 0.6234375 0.05546875 0.01328125 0.0171875
2 0.1828125 0.20234375 0.053125 0.03203125
2 0.51875 0.215625 0.0453125 0.05390625
5 0.82109375 0.05703125 0.01328125 0.01484375
4 0.73125 0.30078125 0.021875 0.075
4 0.24375 0.35390625 0.025 0.04296875