2 0.825 0.39296875 0.11484375 0.1125
1 0.41484375 0.61015625 0.071875 0.15390625
1 0.2890625 0.5046875 0.07421875 0.15859375
2 0.7421875 0.40390625 0.10390625 0.09375
1 0.81875 0.69375 0.36015625 0.61171875
2 0.39921875 0.4328125 0.05546875 0.090625
2 0.70078125 0.3390625 0.07734375 0.071875
2 0.96640625 0.190625 0.05859375 0.040625
2 0.31796875 0.3453125 0.0421875 0.065625
2 0.98125 0.2203125 0.03515625 0.0421875
2 0.209375 0.23203125 0.0546875 0.0390625
2 0.60234375 0.3265625 0.07578125 0.075
2 0.9828125 0.47890625 0.034375 0.0734375
2 0.175 0.209375 0.0578125 0.03359375
2 0.61953125 0.28125 0.053125 0.05859375
2 0.36796875 0.30078125 0.04609375 0.071875
3 0.23203125 0.38359375 0.06015625 0.05546875
5 0.50859375 0.06015625 0.0140625 0.015625
2 0.97890625 0.31796875 0.0421875 0.1234375
2 0.5578125 0.24375 0.04609375 0.0453125
2 0.30546875 0.2921875 0.03828125 0.05234375
5 0.821875 0.06015625 0.0125 0.0140625
2 0.51796875 0.2921875 0.05546875 0.059375
5 0.62265625 0.0625 0.01328125 0.0203125
2 0.47578125 0.22109375 0.0328125 0.04921875
5 0.3046875 0.07578125 0.0109375 0.0171875
2 0.59140625 0.28828125 0.08515625 0.06640625
5 0.4875 0.3171875 0.0390625 0.0640625
5 0.90859375 0.08671875 0.0109375 0.021875
2 0.30625 0.24453125 0.07890625 0.04921875
1 0.3671875 0.146875 0.04921875 0.0703125
4 0.77421875 0.15625 0.01171875 0.025
4 0.83515625 0.16875 0.01328125 0.02890625
5 0.6859375 0.06171875 0.0140625 0.01875