2 0.86796875 0.40859375 0.12734375 0.11640625
2 0.4140625 0.52734375 0.0640625 0.12734375
2 0.73046875 0.35625 0.08359375 0.0875
2 0.8125 0.4484375 0.11796875 0.1046875
1 0.29921875 0.44921875 0.0625 0.13984375
2 0.38984375 0.38984375 0.0578125 0.08203125
2 0.96640625 0.190625 0.059375 0.040625
1 0.77578125 0.6671875 0.4484375 0.6375
2 0.62734375 0.340625 0.0765625 0.06796875
2 0.31484375 0.3203125 0.0375 0.05859375
2 0.98125 0.21875 0.03515625 0.0421875
2 0.36171875 0.2921875 0.03828125 0.0640625
2 0.16875 0.22578125 0.07265625 0.03828125
5 0.50859375 0.0640625 0.0140625 0.0171875
2 0.61015625 0.2984375 0.08515625 0.06875
2 0.5234375 0.29375 0.0609375 0.0546875
5 0.3046875 0.07578125 0.01171875 0.0171875
2 0.97890625 0.31484375 0.0421875 0.1203125
5 0.821875 0.06015625 0.01171875 0.01328125
2 0.2890625 0.2453125 0.07421875 0.05703125
5 0.62265625 0.06328125 0.0125 0.0203125
2 0.5703125 0.24921875 0.06015625 0.0546875
3 0.2328125 0.38828125 0.05390625 0.0453125
5 0.9078125 0.0875 0.01171875 0.02265625
2 0.48046875 0.22421875 0.03671875 0.0453125
1 0.365625 0.14921875 0.0421875 0.0703125
5 0.6859375 0.06171875 0.01328125 0.01953125
4 0.2359375 0.35703125 0.02578125 0.03828125
2 0.303125 0.2796875 0.0390625 0.05078125
2 0.51015625 0.221875 0.04296875 0.0640625
2 0.42890625 0.15859375 0.02265625 0.02578125
5 0.528125 0.3390625 0.0390625 0.06015625