2 0.87890625 0.56484375 0.16171875 0.134375
2 0.3015625 0.5828125 0.07265625 0.13203125
2 0.9671875 0.190625 0.059375 0.04296875
1 0.9 0.4484375 0.15703125 0.17578125
2 0.73984375 0.40390625 0.0859375 0.08828125
2 0.3078125 0.41875 0.053125 0.09375
2 0.68203125 0.325 0.0828125 0.08671875
2 0.59453125 0.31484375 0.0734375 0.1015625
2 0.396875 0.4078125 0.05 0.09921875
2 0.259375 0.24375 0.0515625 0.04609375
2 0.98125 0.21953125 0.03515625 0.04609375
2 0.303125 0.3203125 0.0453125 0.06171875
4 0.88671875 0.28203125 0.01796875 0.05390625
5 0.62265625 0.065625 0.0125 0.021875
3 0.728125 0.515625 0.04921875 0.07578125
2 0.38515625 0.32421875 0.0421875 0.06484375
3 0.234375 0.3890625 0.06171875 0.04765625
2 0.97890625 0.31875 0.0421875 0.1234375
2 0.8078125 0.39296875 0.08046875 0.07421875
2 0.51875 0.2734375 0.0515625 0.07265625
2 0.36171875 0.28046875 0.04140625 0.05
5 0.396875 0.24140625 0.02578125 0.05078125
2 0.13125 0.23046875 0.028125 0.034375
5 0.90703125 0.08828125 0.0125 0.021875
5 0.6859375 0.0625 0.0125 0.01796875
5 0.821875 0.065625 0.01015625 0.0125
4 0.74765625 0.20078125 0.0125 0.0375
1 0.36328125 0.15546875 0.040625 0.0578125
5 0.303125 0.078125 0.01015625 0.01796875
2 0.30078125 0.29375 0.04453125 0.09296875
2 0.45859375 0.1953125 0.028125 0.04140625