2 0.7609375 0.36953125 0.09140625 0.08984375
2 0.909375 0.503125 0.1421875 0.12734375
2 0.9109375 0.42734375 0.1328125 0.1203125
2 0.40703125 0.45703125 0.05703125 0.1078125
1 0.66796875 0.496875 0.39140625 0.440625
2 0.96796875 0.1890625 0.0578125 0.0390625
1 0.30234375 0.4 0.0546875 0.11953125
2 0.384375 0.35546875 0.0484375 0.0734375
2 0.98203125 0.215625 0.034375 0.0421875
2 0.134375 0.21875 0.0578125 0.046875
2 0.3109375 0.3015625 0.0390625 0.0578125
2 0.484375 0.23046875 0.03359375 0.04453125
2 0.35703125 0.27421875 0.0359375 0.06015625
2 0.65859375 0.35703125 0.08046875 0.07421875
1 0.36796875 0.14609375 0.05 0.0640625
2 0.62734375 0.309375 0.07578125 0.07109375
5 0.5078125 0.05859375 0.01484375 0.0171875
2 0.9796875 0.31328125 0.040625 0.12421875
2 0.2609375 0.2375 0.0484375 0.0515625
2 0.57109375 0.25078125 0.05078125 0.05546875
2 0.32890625 0.24375 0.034375 0.03984375
3 0.234375 0.3859375 0.04921875 0.04921875
5 0.821875 0.05859375 0.01171875 0.0140625
2 0.515625 0.21015625 0.0375 0.046875
2 0.29453125 0.2640625 0.0328125 0.04921875
2 0.20546875 0.20234375 0.0546875 0.03359375
5 0.68515625 0.05546875 0.01328125 0.0171875
4 0.23828125 0.35625 0.02890625 0.04375
5 0.9078125 0.0859375 0.0109375 0.02265625
2 0.5234375 0.25625 0.0375 0.05078125
5 0.62265625 0.05703125 0.01328125 0.01875
2 0.6453125 0.33671875 0.1109375 0.11875
2 0.978125 0.33046875 0.0390625 0.06484375
3 0.2375 0.36796875 0.04453125 0.06953125
2 0.428125 0.15703125 0.02734375 0.02890625
2 0.028125 0.23046875 0.05234375 0.03515625
4 0.6796875 0.2421875 0.0234375 0.065625
5 0.30390625 0.075 0.0109375 0.0171875
4 0.7015625 0.29609375 0.01953125 0.0625