2 0.928125 0.58828125 0.14375 0.1515625
2 0.409375 0.78046875 0.0890625 0.21328125
2 0.3078125 0.53046875 0.06875 0.1203125
2 0.7 0.33359375 0.08671875 0.0890625
1 0.9359375 0.47421875 0.128125 0.1984375
2 0.76875 0.41484375 0.0921875 0.09453125
2 0.96640625 0.190625 0.05859375 0.04140625
2 0.3125 0.3875 0.04765625 0.084375
2 0.39375 0.38203125 0.04765625 0.09453125
2 0.6125 0.340625 0.07578125 0.07265625
2 0.84140625 0.4125 0.08984375 0.0953125
3 0.80546875 0.5734375 0.06640625 0.084375
2 0.98203125 0.21953125 0.03515625 0.04453125
2 0.30234375 0.30703125 0.04296875 0.0609375
4 0.9046875 0.303125 0.01640625 0.05703125
2 0.24375 0.23359375 0.040625 0.0421875
3 0.72265625 0.44375 0.046875 0.08125
2 0.378125 0.3109375 0.0390625 0.04765625
2 0.53125 0.28359375 0.0546875 0.06953125
5 0.821875 0.0609375 0.01171875 0.01328125
3 0.22890625 0.3828125 0.065625 0.05234375
2 0.35703125 0.2703125 0.0375 0.04765625
2 0.978125 0.31875 0.04375 0.115625
4 0.80625 0.515625 0.03515625 0.05
4 0.80625 0.53125 0.04375 0.075
2 0.296875 0.2609375 0.0453125 0.05234375
5 0.621875 0.06484375 0.0125 0.02109375
5 0.3046875 0.0765625 0.01171875 0.01875
5 0.90703125 0.0875 0.0125 0.021875
4 0.7453125 0.20625 0.01328125 0.0375
2 0.2375 0.1984375 0.0375 0.03046875
2 0.45625 0.19609375 0.03203125 0.04765625
2 0.240625 0.21328125 0.04921875 0.0578125
2 0.4546875 0.2875 0.028125 0.0625