2 0.89453125 0.571875 0.1640625 0.13671875
2 0.30078125 0.5640625 0.06953125 0.1265625
2 0.9671875 0.190625 0.05859375 0.0421875
2 0.9125 0.45546875 0.16171875 0.18671875
2 0.74453125 0.40625 0.084375 0.08671875
2 0.39609375 0.403125 0.04921875 0.08984375
2 0.25703125 0.24140625 0.04765625 0.0453125
2 0.6875 0.32734375 0.084375 0.08359375
3 0.74609375 0.53203125 0.05390625 0.07578125
2 0.31015625 0.41015625 0.0484375 0.09296875
2 0.384375 0.32109375 0.04140625 0.059375
2 0.98125 0.21953125 0.03515625 0.04609375
2 0.59921875 0.33359375 0.078125 0.0734375
4 0.89375 0.290625 0.015625 0.05703125
5 0.62265625 0.06484375 0.0109375 0.02109375
2 0.97890625 0.31875 0.0421875 0.1171875
2 0.81796875 0.3953125 0.08125 0.07734375
3 0.234375 0.38671875 0.059375 0.05
5 0.821875 0.065625 0.0109375 0.0140625
2 0.35703125 0.27890625 0.03984375 0.0515625
2 0.5234375 0.2796875 0.0578125 0.05859375
4 0.98125 0.409375 0.0234375 0.04453125
5 0.90703125 0.08828125 0.0125 0.021875
2 0.24140625 0.1953125 0.040625 0.03203125
5 0.6859375 0.0625 0.01171875 0.01796875
5 0.4015625 0.24375 0.0234375 0.046875
4 0.746875 0.20234375 0.01171875 0.03828125
4 0.7484375 0.490625 0.03125 0.05390625
2 0.6796875 0.41796875 0.040625 0.07265625
5 0.3046875 0.07734375 0.0109375 0.01796875
1 0.36484375 0.15078125 0.04453125 0.06328125