2 0.31171875 0.5 0.06484375 0.1109375
2 0.86484375 0.42109375 0.1109375 0.096875
1 0.41484375 0.70390625 0.08359375 0.2
2 0.6234375 0.34609375 0.08515625 0.078125
1 0.95390625 0.490625 0.09140625 0.2078125
2 0.96640625 0.18984375 0.05703125 0.04140625
2 0.7140625 0.33984375 0.09140625 0.09765625
2 0.95078125 0.609375 0.09609375 0.15390625
1 0.178125 0.875 0.17734375 0.24375
2 0.790625 0.4390625 0.09140625 0.075
2 0.31171875 0.36953125 0.0453125 0.0796875
2 0.98125 0.21953125 0.03515625 0.0453125
2 0.29375 0.25546875 0.04375 0.04921875
2 0.38984375 0.36328125 0.0484375 0.08515625
2 0.3015625 0.3015625 0.04375 0.05859375
4 0.91953125 0.31640625 0.0203125 0.0640625
3 0.865625 0.6078125 0.071875 0.07421875
2 0.2140625 0.2390625 0.0421875 0.0328125
2 0.5375 0.284375 0.05625 0.07265625
3 0.2296875 0.38515625 0.059375 0.0453125
5 0.30390625 0.07578125 0.0109375 0.01875
5 0.821875 0.0609375 0.01171875 0.01328125
2 0.97890625 0.33515625 0.04140625 0.0953125
5 0.621875 0.06484375 0.0125 0.02109375
5 0.4109375 0.26015625 0.02109375 0.0515625
2 0.61328125 0.29140625 0.06328125 0.059375
2 0.378125 0.30390625 0.03515625 0.040625
4 0.86796875 0.55625 0.03828125 0.0546875
2 0.35546875 0.26640625 0.0375 0.046875
3 0.76328125 0.4671875 0.0515625 0.0828125
5 0.90703125 0.0875 0.0125 0.02265625
3 0.9171875 0.3296875 0.01953125 0.03671875
1 0.3703125 0.14609375 0.05546875 0.07109375
4 0.234375 0.359375 0.02578125 0.0359375
2 0.47578125 0.259375 0.03828125 0.05546875
5 0.68671875 0.0640625 0.0140625 0.02421875
4 0.74375 0.21484375 0.0125 0.03671875