2 0.27109375 0.7375 0.10234375 0.1859375
2 0.82109375 0.41484375 0.134375 0.16328125
2 0.771875 0.503125 0.14296875 0.1234375
2 0.296875 0.49453125 0.06796875 0.11328125
2 0.9515625 0.44375 0.096875 0.0765625
2 0.9734375 0.5109375 0.05234375 0.08515625
2 0.18671875 0.2328125 0.05546875 0.03984375
2 0.96484375 0.18984375 0.06015625 0.040625
2 0.68984375 0.37265625 0.075 0.0828125
2 0.98203125 0.21875 0.03515625 0.0453125
2 0.3984375 0.48125 0.053125 0.10234375
2 0.39765625 0.3625 0.04609375 0.075
2 0.36953125 0.3015625 0.04296875 0.05859375
2 0.659375 0.3046875 0.078125 0.07578125
2 0.4921875 0.26640625 0.05390625 0.053125
4 0.85859375 0.2484375 0.01484375 0.04375
5 0.30390625 0.07578125 0.01015625 0.01796875
2 0.978125 0.31796875 0.04375 0.1203125
2 0.97578125 0.20078125 0.04609375 0.05859375
5 0.621875 0.06484375 0.0125 0.02109375
2 0.30546875 0.28203125 0.03984375 0.06328125
2 0.446875 0.228125 0.03359375 0.053125
5 0.821875 0.0609375 0.01171875 0.01328125
2 0.565625 0.31171875 0.0671875 0.0671875
2 0.303125 0.35703125 0.04765625 0.0875
2 0.7578125 0.365625 0.0640625 0.06484375
3 0.63515625 0.4328125 0.0375 0.08203125
2 0.58046875 0.28046875 0.05625 0.05859375
5 0.36875 0.22265625 0.02421875 0.0453125
3 0.22265625 0.3890625 0.03203125 0.0390625
4 0.68984375 0.86796875 0.0421875 0.13828125
1 0.059375 0.26015625 0.11796875 0.1015625
4 0.91640625 0.3703125 0.0234375 0.04609375
5 0.9078125 0.08671875 0.0125 0.02265625
1 0.3625 0.15234375 0.04140625 0.0609375
2 0.3046875 0.22109375 0.0421875 0.04296875
3 0.23046875 0.384375 0.05625 0.04609375
2 0.67578125 0.35234375 0.10234375 0.12890625
5 0.68671875 0.06171875 0.01328125 0.01875