2 0.80859375 0.39140625 0.10078125 0.103125
1 0.359375 0.61015625 0.075 0.15390625
1 0.54609375 0.3953125 0.2375 0.30859375
2 0.725 0.396875 0.096875 0.096875
2 0.953125 0.45859375 0.0921875 0.1359375
2 0.39453125 0.38984375 0.05703125 0.08984375
2 0.67578125 0.3328125 0.09296875 0.07578125
2 0.98203125 0.2140625 0.034375 0.0421875
2 0.96796875 0.1859375 0.0546875 0.04140625
2 0.37109375 0.31328125 0.04921875 0.0625
2 0.3046875 0.34921875 0.04765625 0.1
2 0.57578125 0.25234375 0.04921875 0.05859375
5 0.50859375 0.0578125 0.0140625 0.01796875
2 0.34765625 0.25625 0.03515625 0.05859375
2 0.5375 0.26875 0.04921875 0.05625
2 0.63359375 0.28359375 0.06171875 0.0578125
5 0.6875 0.05390625 0.0140625 0.01953125
2 0.30546875 0.27265625 0.03203125 0.0453125
2 0.2296875 0.38515625 0.0546875 0.05
2 0.30546875 0.22734375 0.04140625 0.03984375
2 0.2796875 0.24765625 0.03828125 0.04765625
2 0.9796875 0.3390625 0.040625 0.08125
3 0.7046875 0.471875 0.03515625 0.06484375
4 0.24296875 0.3546875 0.025 0.04296875
2 0.46015625 0.153125 0.02265625 0.028125
5 0.9078125 0.08359375 0.0109375 0.0234375
2 0.51875 0.21484375 0.04609375 0.05
2 0.29296875 0.2421875 0.059375 0.059375
5 0.82109375 0.05625 0.01328125 0.01484375
5 0.62265625 0.05546875 0.0140625 0.01796875
2 0.428125 0.15546875 0.025 0.03203125
4 0.2375 0.36953125 0.04375 0.0671875
2 0.18515625 0.20390625 0.0484375 0.02734375
2 0.65859375 0.31171875 0.1109375 0.10859375