2 0.85703125 0.41328125 0.10703125 0.109375
1 0.490625 0.34140625 0.17890625 0.240625
2 0.7109375 0.3515625 0.10546875 0.0890625
2 0.80234375 0.4390625 0.1234375 0.10703125
2 0.3515625 0.50234375 0.06328125 0.11640625
2 0.6203125 0.353125 0.08828125 0.0890625
1 0.303125 0.31796875 0.04296875 0.08984375
2 0.98203125 0.21484375 0.034375 0.04140625
2 0.9671875 0.18515625 0.0546875 0.0421875
2 0.37890625 0.35078125 0.05078125 0.078125
2 0.553125 0.2859375 0.06640625 0.06796875
2 0.646875 0.2921875 0.06953125 0.06875
2 0.36171875 0.2921875 0.04296875 0.0546875
2 0.26875 0.2390625 0.04375 0.0484375
4 0.64296875 0.95 0.075 0.0984375
2 0.58125 0.25625 0.05234375 0.05703125
5 0.5078125 0.0578125 0.01484375 0.01796875
5 0.2046875 0.10703125 0.01015625 0.02265625
2 0.33359375 0.240625 0.03515625 0.05
1 0.36328125 0.146875 0.0421875 0.0625
2 0.03828125 0.21875 0.06015625 0.03515625
2 0.990625 0.471875 0.01875 0.096875
2 0.02421875 0.225 0.0484375 0.0328125
5 0.6875 0.05390625 0.01328125 0.01953125
2 0.97890625 0.3140625 0.04140625 0.11640625
2 0.053125 0.215625 0.03671875 0.03125
3 0.83125 0.54375 0.04375 0.07890625
2 0.44765625 0.19765625 0.0265625 0.04296875
2 0.42734375 0.15703125 0.02265625 0.02890625
5 0.90703125 0.084375 0.01171875 0.02578125
3 0.2328125 0.384375 0.05859375 0.04921875
2 0.7984375 0.50234375 0.0703125 0.11171875
5 0.8015625 0.19375 0.01875 0.040625
2 0.52734375 0.22578125 0.040625 0.05390625
5 0.82109375 0.05625 0.01328125 0.01484375
4 0.24375 0.35546875 0.0265625 0.03828125
2 0.459375 0.15703125 0.02109375 0.0296875
3 0.640625 0.975 0.08671875 0.04921875
5 0.62265625 0.05390625 0.01328125 0.01796875