2 0.82890625 0.3921875 0.11953125 0.1125
1 0.28828125 0.5078125 0.07578125 0.16015625
1 0.41796875 0.60859375 0.06953125 0.15390625
1 0.821875 0.69453125 0.35546875 0.60546875
2 0.740625 0.4046875 0.1015625 0.09375
2 0.39921875 0.43671875 0.05703125 0.0890625
2 0.7 0.33828125 0.07578125 0.0703125
2 0.96640625 0.190625 0.059375 0.040625
2 0.98125 0.47890625 0.0375 0.07578125
2 0.98203125 0.21875 0.03515625 0.04453125
2 0.21171875 0.23125 0.0546875 0.03828125
2 0.3171875 0.34453125 0.04296875 0.06875
2 0.59921875 0.32734375 0.07890625 0.07578125
2 0.36796875 0.30078125 0.046875 0.07421875
2 0.17734375 0.20859375 0.05703125 0.03203125
2 0.51328125 0.29140625 0.05703125 0.05859375
3 0.2328125 0.384375 0.05859375 0.05390625
5 0.50859375 0.06015625 0.0140625 0.015625
5 0.821875 0.06015625 0.0125 0.0140625
2 0.9796875 0.31484375 0.040625 0.1265625
2 0.61875 0.28046875 0.0546875 0.05859375
5 0.62265625 0.0625 0.01328125 0.0203125
2 0.55703125 0.24375 0.0453125 0.0453125
2 0.5921875 0.28671875 0.08828125 0.06796875
5 0.3046875 0.07578125 0.01171875 0.01796875
2 0.30546875 0.29375 0.0390625 0.05
2 0.978125 0.3453125 0.040625 0.07421875
5 0.90859375 0.08671875 0.01171875 0.021875
2 0.30546875 0.25390625 0.08046875 0.065625
2 0.4765625 0.22109375 0.03515625 0.05
5 0.6859375 0.06171875 0.0140625 0.01875
5 0.48671875 0.31796875 0.0390625 0.06640625
1 0.36796875 0.146875 0.05 0.0703125