2 0.4125 0.57109375 0.06875 0.13359375
1 0.24140625 0.7015625 0.12421875 0.25078125
2 0.76015625 0.359375 0.096875 0.1
2 0.32265625 0.42890625 0.04921875 0.09375
2 0.65546875 0.36171875 0.08515625 0.0828125
2 0.92890625 0.446875 0.1234375 0.11015625
2 0.1703125 0.2296875 0.05703125 0.0390625
2 0.96640625 0.1875 0.0578125 0.0421875
2 0.98125 0.21875 0.03515625 0.0453125
2 0.38046875 0.3421875 0.04609375 0.0796875
2 0.31015625 0.33125 0.04296875 0.06875
2 0.56015625 0.30390625 0.06875 0.065625
2 0.27265625 0.2453125 0.04375 0.04296875
3 0.86953125 0.52890625 0.06171875 0.08671875
2 0.21171875 0.20390625 0.04765625 0.03203125
2 0.8703125 0.475 0.096875 0.11796875
2 0.6390625 0.30546875 0.06796875 0.059375
2 0.975 0.19921875 0.0484375 0.05703125
2 0.29765625 0.28359375 0.03671875 0.0578125
5 0.821875 0.0609375 0.0125 0.01328125
3 0.978125 0.33828125 0.04375 0.11328125
5 0.3046875 0.0765625 0.0109375 0.01875
2 0.890625 0.4578125 0.15234375 0.121875
5 0.621875 0.0640625 0.0125 0.0203125
2 0.5953125 0.26484375 0.05703125 0.0578125
2 0.48984375 0.27109375 0.05 0.05625
3 0.234375 0.38828125 0.05703125 0.04609375
5 0.90703125 0.08671875 0.0125 0.021875
1 0.3671875 0.14765625 0.04921875 0.0703125
5 0.68671875 0.05859375 0.0125 0.01640625
2 0.3703125 0.28515625 0.03359375 0.04140625
4 0.2328125 0.359375 0.0265625 0.034375