1 0.63046875 0.47421875 0.34375 0.39921875
2 0.93828125 0.5234375 0.1234375 0.134375
2 0.928125 0.42578125 0.134375 0.10625
2 0.7734375 0.37578125 0.09453125 0.09609375
1 0.40703125 0.43984375 0.05625 0.10390625
2 0.96796875 0.18671875 0.0578125 0.03984375
1 0.30234375 0.384375 0.05 0.1140625
2 0.67578125 0.36640625 0.0828125 0.07109375
2 0.98203125 0.21484375 0.03359375 0.04140625
2 0.3796875 0.34296875 0.05078125 0.0703125
2 0.6421875 0.315625 0.08984375 0.075
2 0.2625 0.2328125 0.059375 0.05390625
2 0.31015625 0.29375 0.0359375 0.0546875
2 0.353125 0.26875 0.03671875 0.06015625
2 0.97890625 0.31171875 0.04140625 0.12421875
5 0.50859375 0.05859375 0.0140625 0.0171875
2 0.11875 0.2203125 0.0578125 0.04609375
2 0.571875 0.2515625 0.05078125 0.05859375
1 0.36875 0.14609375 0.04921875 0.0625
2 0.97734375 0.2 0.04453125 0.05546875
3 0.2328125 0.38515625 0.05390625 0.05
5 0.6859375 0.05546875 0.01328125 0.0171875
2 0.2921875 0.25703125 0.0359375 0.0515625
5 0.821875 0.0578125 0.0125 0.0140625
2 0.32421875 0.24140625 0.0390625 0.04140625
2 0.65859375 0.34453125 0.11328125 0.11953125
4 0.24375 0.353125 0.0265625 0.040625
5 0.621875 0.06171875 0.01484375 0.025
2 0.48828125 0.234375 0.0390625 0.0515625
2 0.9328125 0.47265625 0.13359375 0.18671875
5 0.9078125 0.0859375 0.0109375 0.0234375
2 0.978125 0.3296875 0.03984375 0.06640625