1 0.58671875 0.43203125 0.28828125 0.3421875
2 0.94140625 0.4359375 0.1171875 0.10546875
2 0.7921875 0.38359375 0.096875 0.09140625
1 0.3625 0.67578125 0.08046875 0.18125
2 0.96796875 0.53515625 0.0640625 0.1046875
2 0.39765625 0.4109375 0.06015625 0.096875
2 0.9671875 0.18671875 0.05703125 0.040625
2 0.98203125 0.21484375 0.03359375 0.040625
2 0.37421875 0.3296875 0.0484375 0.06875
2 0.696875 0.38125 0.08984375 0.0859375
2 0.66484375 0.32578125 0.09609375 0.07421875
2 0.57421875 0.253125 0.04765625 0.05859375
2 0.35078125 0.2609375 0.03828125 0.0578125
2 0.25234375 0.23125 0.0453125 0.053125
5 0.68515625 0.05546875 0.0140625 0.01875
5 0.50859375 0.0578125 0.0140625 0.01796875
2 0.30859375 0.2828125 0.03515625 0.05390625
2 0.2875 0.25234375 0.03671875 0.04921875
1 0.36640625 0.146875 0.0453125 0.0609375
2 0.9796875 0.33828125 0.040625 0.084375
3 0.23203125 0.38515625 0.0546875 0.0484375
2 0.19765625 0.20625 0.05625 0.03203125
2 0.49296875 0.240625 0.04453125 0.0578125
4 0.24453125 0.353125 0.02578125 0.04140625
5 0.62265625 0.05625 0.01328125 0.01875
5 0.9078125 0.084375 0.0109375 0.02265625
2 0.63125 0.28046875 0.06796875 0.05703125
2 0.4609375 0.15234375 0.02265625 0.0265625