2 0.41328125 0.50546875 0.0625 0.1203125
2 0.840625 0.4609375 0.12578125 0.1125
2 0.8765625 0.4140625 0.13359375 0.1265625
2 0.7375 0.36015625 0.08828125 0.08828125
2 0.2984375 0.43359375 0.0578125 0.13203125
2 0.390625 0.38125 0.05234375 0.08046875
2 0.96640625 0.18984375 0.0578125 0.040625
2 0.15703125 0.22421875 0.0703125 0.04375
2 0.36015625 0.2875 0.03671875 0.06484375
2 0.98203125 0.2171875 0.034375 0.04375
2 0.3125 0.31484375 0.0375 0.0625
1 0.7484375 0.590625 0.47421875 0.56484375
2 0.63359375 0.34453125 0.07734375 0.06875
2 0.9796875 0.3140625 0.040625 0.13203125
2 0.5671875 0.25 0.05 0.0546875
3 0.23359375 0.38828125 0.05546875 0.04609375
5 0.50859375 0.06015625 0.0140625 0.015625
5 0.821875 0.059375 0.01171875 0.0140625
2 0.61484375 0.29921875 0.084375 0.0640625
2 0.48203125 0.22734375 0.040625 0.05
1 0.36875 0.14765625 0.05 0.0671875
2 0.9765625 0.2015625 0.04609375 0.05859375
5 0.621875 0.06328125 0.01328125 0.021875
2 0.53046875 0.29921875 0.059375 0.05625
5 0.30390625 0.07578125 0.0109375 0.0171875
4 0.23671875 0.35703125 0.0265625 0.0390625
2 0.33828125 0.25078125 0.03671875 0.04453125
2 0.28515625 0.2421875 0.07109375 0.059375
2 0.51171875 0.21484375 0.04140625 0.05
5 0.9078125 0.0859375 0.01171875 0.021875
2 0.29921875 0.275 0.034375 0.05546875
5 0.68671875 0.05703125 0.0125 0.015625
3 0.2375 0.36640625 0.04296875 0.06015625
2 0.42890625 0.1578125 0.025 0.0265625
4 0.7328125 0.29296875 0.01953125 0.053125
2 0.3140625 0.15859375 0.03515625 0.03515625
2 0.028125 0.22578125 0.053125 0.03125
2 0.621875 0.32265625 0.096875 0.10390625