2 0.7296875 0.478125 0.12578125 0.1171875
2 0.2859375 0.5359375 0.07265625 0.11484375
2 0.39765625 0.51328125 0.0609375 0.1328125
2 0.6671875 0.36171875 0.07109375 0.0765625
2 0.95234375 0.49375 0.09453125 0.09375
2 0.246875 0.8625 0.12265625 0.23828125
2 0.96171875 0.6046875 0.075 0.128125
2 0.9671875 0.1875 0.06015625 0.0421875
2 0.39765625 0.390625 0.0453125 0.08359375
2 0.30078125 0.390625 0.053125 0.0875
2 0.92578125 0.42421875 0.1265625 0.08359375
2 0.4796875 0.25546875 0.04921875 0.05234375
2 0.2125 0.23203125 0.0515625 0.04140625
2 0.98125 0.21953125 0.03515625 0.04609375
2 0.6421875 0.30078125 0.075 0.06796875
2 0.5515625 0.30234375 0.0609375 0.06796875
2 0.37421875 0.31328125 0.0453125 0.06328125
4 0.89921875 0.36015625 0.025 0.0453125
2 0.978125 0.3171875 0.04296875 0.1234375
5 0.30390625 0.0765625 0.01171875 0.01796875
3 0.2265625 0.38984375 0.04375 0.04765625
5 0.821875 0.06484375 0.01015625 0.01484375
3 0.6078125 0.403125 0.034375 0.0796875
4 0.84609375 0.23203125 0.01328125 0.04375
5 0.621875 0.06484375 0.0125 0.02109375
4 0.2390625 0.3578125 0.02890625 0.03515625
1 0.36328125 0.15234375 0.04140625 0.05859375
2 0.57890625 0.27578125 0.04921875 0.059375
4 0.275 0.21640625 0.0140625 0.03515625
3 0.23984375 0.36484375 0.0390625 0.05390625
4 0.684375 0.80390625 0.03828125 0.13203125
2 0.1234375 0.2296875 0.03203125 0.03203125
2 0.50390625 0.346875 0.04453125 0.07109375
2 0.31015625 0.259375 0.04296875 0.04375
2 0.43984375 0.21875 0.03046875 0.05390625