2 0.85 0.43359375 0.1453125 0.17109375
2 0.2859375 0.66484375 0.08515625 0.15703125
2 0.81328125 0.525 0.1453125 0.13125
2 0.3 0.46015625 0.06015625 0.103125
2 0.71015625 0.384375 0.07890625 0.08125
2 0.15859375 0.23203125 0.0546875 0.0390625
2 0.9671875 0.1875 0.059375 0.04140625
2 0.96875 0.46484375 0.06171875 0.0890625
2 0.3984375 0.446875 0.05234375 0.11015625
2 0.3890625 0.34609375 0.040625 0.06015625
2 0.66640625 0.31328125 0.07890625 0.08203125
2 0.98125 0.21953125 0.03515625 0.04609375
5 0.38046875 0.2296875 0.0265625 0.05234375
2 0.30625 0.3453125 0.0453125 0.078125
2 0.5046875 0.27109375 0.0578125 0.05703125
2 0.5796875 0.31875 0.06875 0.07109375
2 0.97890625 0.3171875 0.0421875 0.1234375
2 0.36796875 0.29375 0.03984375 0.05546875
2 0.45234375 0.2390625 0.040625 0.0546875
3 0.2328125 0.38515625 0.06015625 0.053125
4 0.86953125 0.2609375 0.01640625 0.046875
2 0.76953125 0.371875 0.05859375 0.05859375
1 0.3625 0.1546875 0.0390625 0.05859375
2 0.97578125 0.19921875 0.04609375 0.05625
3 0.67109375 0.45625 0.040625 0.08671875
5 0.62265625 0.065625 0.01328125 0.021875
2 0.50859375 0.25234375 0.05625 0.06640625
5 0.30390625 0.07734375 0.0109375 0.01875
2 0.246875 0.196875 0.046875 0.0359375
4 0.940625 0.39375 0.02890625 0.071875
2 0.30390625 0.28046875 0.0390625 0.05234375
2 0.48046875 0.31171875 0.034375 0.06875
5 0.821875 0.06484375 0.01015625 0.01328125
2 0.28203125 0.2484375 0.05078125 0.04609375
2 0.58359375 0.284375 0.059375 0.06328125
2 0.39609375 0.1625 0.02265625 0.02890625
4 0.2375 0.3578125 0.02890625 0.0359375
3 0.60703125 0.375 0.0328125 0.0671875
5 0.90703125 0.0875 0.01328125 0.02265625
2 0.90546875 0.16171875 0.05703125 0.03515625
5 0.68671875 0.065625 0.0140625 0.0265625
2 0.83203125 0.48203125 0.16875 0.175
4 0.6015625 0.16875 0.01484375 0.0296875
2 0.51484375 0.2375 0.053125 0.053125
3 0.23828125 0.3703125 0.04765625 0.0609375