2 0.88984375 0.56796875 0.16328125 0.1375
2 0.3 0.5703125 0.07109375 0.121875
2 0.9671875 0.19140625 0.059375 0.04296875
2 0.3953125 0.4046875 0.05078125 0.09296875
2 0.74296875 0.40390625 0.084375 0.0890625
2 0.6859375 0.32578125 0.08359375 0.084375
2 0.31015625 0.41328125 0.05 0.09453125
3 0.74140625 0.52890625 0.05234375 0.06875
2 0.98125 0.21953125 0.034375 0.04609375
2 0.259375 0.24140625 0.04921875 0.0453125
2 0.384375 0.32265625 0.040625 0.06328125
2 0.59921875 0.32890625 0.07109375 0.08046875
5 0.62265625 0.06484375 0.01171875 0.02109375
2 0.97890625 0.31796875 0.0421875 0.12578125
4 0.8921875 0.2890625 0.0171875 0.05625
3 0.23359375 0.38125 0.06171875 0.06171875
2 0.81796875 0.3953125 0.0859375 0.0765625
2 0.51953125 0.275 0.0546875 0.071875
2 0.359375 0.278125 0.03984375 0.04453125
5 0.821875 0.065625 0.009375 0.01328125
5 0.68671875 0.06328125 0.0125 0.01875
5 0.90703125 0.08828125 0.0125 0.021875
4 0.9796875 0.40859375 0.0234375 0.04375
2 0.67578125 0.4125 0.0390625 0.08203125
5 0.4 0.24453125 0.02421875 0.0484375
3 0.7375 0.521875 0.034375 0.04921875