2 0.71796875 0.46953125 0.12109375 0.11328125
1 0.28359375 0.55703125 0.07421875 0.12578125
2 0.94453125 0.4890625 0.11015625 0.11484375
2 0.39609375 0.528125 0.0578125 0.128125
1 0.23671875 0.89296875 0.1265625 0.21328125
2 0.9515625 0.60859375 0.096875 0.14609375
2 0.9671875 0.18984375 0.05859375 0.04375
2 0.6609375 0.35859375 0.071875 0.07578125
2 0.30078125 0.3953125 0.05546875 0.09140625
2 0.90859375 0.415625 0.11875 0.0765625
2 0.54296875 0.30234375 0.06796875 0.0625
2 0.22265625 0.23203125 0.0609375 0.040625
2 0.57421875 0.271875 0.05 0.059375
2 0.4 0.4 0.0484375 0.0796875
2 0.640625 0.29765625 0.07421875 0.06640625
2 0.98046875 0.21953125 0.0359375 0.04453125
2 0.478125 0.253125 0.0484375 0.05390625
2 0.34609375 0.24140625 0.03984375 0.059375
2 0.3765625 0.31953125 0.04375 0.0625
2 0.978125 0.3171875 0.04375 0.11640625
3 0.2328125 0.38984375 0.05546875 0.046875
4 0.8421875 0.22734375 0.015625 0.04296875
2 0.509375 0.3515625 0.0375 0.06796875
2 0.1296875 0.2296875 0.03671875 0.040625
3 0.5984375 0.38984375 0.03125 0.0734375
4 0.89375 0.3546875 0.0234375 0.04140625
5 0.821875 0.06484375 0.009375 0.01484375
5 0.30390625 0.07734375 0.01171875 0.01796875
4 0.27734375 0.21796875 0.0140625 0.03828125
2 0.3078125 0.30546875 0.03984375 0.065625
1 0.36328125 0.153125 0.04140625 0.06015625
4 0.2390625 0.3578125 0.02890625 0.03515625
2 0.31171875 0.2640625 0.04375 0.0453125
5 0.621875 0.06484375 0.01328125 0.0203125
4 0.684375 0.784375 0.0390625 0.13046875
1 0.25234375 0.14140625 0.07578125 0.1171875
2 0.44296875 0.1296875 0.021875 0.02265625
5 0.9078125 0.08671875 0.01328125 0.021875
3 0.2390625 0.3671875 0.04296875 0.05625
2 0.01875 0.221875 0.034375 0.0359375
4 0.75546875 0.2796875 0.02578125 0.06015625