2 0.86171875 0.41640625 0.109375 0.11171875
2 0.71484375 0.353125 0.10234375 0.08828125
2 0.81015625 0.44296875 0.11796875 0.103125
2 0.6234375 0.35703125 0.08828125 0.08359375
2 0.35234375 0.49765625 0.06171875 0.1125
2 0.96796875 0.18671875 0.05625 0.03984375
2 0.98203125 0.2140625 0.034375 0.04375
1 0.303125 0.31640625 0.04453125 0.09296875
1 0.4890625 0.3421875 0.1640625 0.22265625
2 0.553125 0.284375 0.0625 0.0625
2 0.58125 0.25546875 0.05234375 0.05625
2 0.2703125 0.23203125 0.05 0.05
2 0.378125 0.35 0.05234375 0.078125
4 0.6625 0.9453125 0.0828125 0.109375
1 0.36328125 0.14765625 0.04296875 0.0625
2 0.64921875 0.29453125 0.06875 0.0671875
5 0.20546875 0.1078125 0.01015625 0.0203125
2 0.04375 0.21875 0.05078125 0.03359375
2 0.36328125 0.2921875 0.0421875 0.053125
2 0.44765625 0.196875 0.0265625 0.04140625
5 0.5109375 0.05625 0.0140625 0.01640625
3 0.234375 0.38515625 0.06015625 0.04921875
2 0.459375 0.15625 0.02421875 0.0328125
5 0.90703125 0.08359375 0.01171875 0.0203125
2 0.4265625 0.1578125 0.021875 0.0265625
5 0.68671875 0.053125 0.01171875 0.01875
2 0.52890625 0.22578125 0.03671875 0.0546875
2 0.97890625 0.3359375 0.04140625 0.08359375
2 0.0109375 0.22578125 0.021875 0.03125
5 0.6671875 0.15078125 0.01484375 0.0328125
4 0.71328125 0.19375 0.0140625 0.03828125
5 0.82109375 0.05625 0.01171875 0.01484375
5 0.5078125 0.059375 0.01328125 0.015625
3 0.84296875 0.55703125 0.04296875 0.0703125
2 0.8125 0.51875 0.08359375 0.128125