2 0.9265625 0.50859375 0.14375 0.13125
2 0.765625 0.37109375 0.09453125 0.090625
2 0.91796875 0.42890625 0.1328125 0.1171875
2 0.40546875 0.4484375 0.0546875 0.10546875
1 0.646875 0.4859375 0.35703125 0.40234375
2 0.96796875 0.18671875 0.059375 0.040625
1 0.30234375 0.39375 0.05234375 0.115625
2 0.3828125 0.34765625 0.0484375 0.07265625
2 0.98203125 0.215625 0.034375 0.04296875
2 0.3109375 0.2984375 0.03828125 0.05859375
2 0.26484375 0.23046875 0.06640625 0.05546875
2 0.64609375 0.3375 0.1109375 0.1140625
1 0.3703125 0.14453125 0.053125 0.06328125
5 0.5078125 0.05859375 0.0140625 0.0171875
2 0.5703125 0.25078125 0.0515625 0.05625
2 0.35546875 0.2703125 0.034375 0.06015625
2 0.9796875 0.3125 0.040625 0.12890625
2 0.32578125 0.2421875 0.03828125 0.0390625
2 0.48515625 0.23125 0.034375 0.0453125
3 0.23359375 0.384375 0.053125 0.05
2 0.9765625 0.2 0.0453125 0.05625
2 0.29375 0.2578125 0.0359375 0.05
2 0.6625 0.35703125 0.08359375 0.07578125
5 0.68515625 0.05546875 0.01328125 0.0171875
5 0.821875 0.05859375 0.01171875 0.0140625
2 0.20390625 0.203125 0.05625 0.0328125
4 0.67890625 0.2421875 0.02421875 0.06640625
1 0.5734375 0.421875 0.20625 0.271875
5 0.9078125 0.0859375 0.0109375 0.02265625
5 0.621875 0.06171875 0.01484375 0.025
2 0.515625 0.2109375 0.040625 0.05078125
4 0.2390625 0.3578125 0.028125 0.0421875
2 0.28046875 0.2453125 0.053125 0.06953125
2 0.428125 0.15625 0.03046875 0.0375