2 0.84609375 0.40703125 0.10546875 0.10625
2 0.35234375 0.52890625 0.06484375 0.12421875
2 0.7796875 0.42734375 0.11171875 0.09765625
2 0.70234375 0.34765625 0.10078125 0.08515625
2 0.98046875 0.4609375 0.0390625 0.103125
2 0.38203125 0.359375 0.05078125 0.08125
2 0.3640625 0.29765625 0.04453125 0.05390625
2 0.9671875 0.1859375 0.0546875 0.04140625
2 0.98203125 0.21484375 0.034375 0.040625
2 0.6171875 0.3484375 0.071875 0.07734375
1 0.5046875 0.359375 0.18203125 0.22734375
2 0.303125 0.3234375 0.046875 0.0921875
4 0.58359375 0.9671875 0.0625 0.0640625
2 0.64375 0.28984375 0.07109375 0.06796875
2 0.54609375 0.27890625 0.06171875 0.0625
5 0.80390625 0.19140625 0.01796875 0.03828125
2 0.271875 0.240625 0.04296875 0.05078125
5 0.5078125 0.0578125 0.0140625 0.0171875
1 0.36328125 0.14765625 0.040625 0.06171875
2 0.33984375 0.24296875 0.0328125 0.05078125
2 0.5796875 0.25625 0.05078125 0.05859375
2 0.02578125 0.2296875 0.04765625 0.034375
2 0.42734375 0.15625 0.02421875 0.0296875
5 0.6875 0.05390625 0.0140625 0.01875
3 0.79296875 0.52734375 0.0421875 0.06484375
5 0.9078125 0.0828125 0.01171875 0.02734375
2 0.52109375 0.221875 0.04765625 0.0625
2 0.9796875 0.33984375 0.040625 0.0796875
5 0.82109375 0.05625 0.0125 0.015625
5 0.2046875 0.1078125 0.01015625 0.02109375
3 0.23359375 0.384375 0.05859375 0.05
2 0.446875 0.19765625 0.0234375 0.040625
2 0.30234375 0.259375 0.03125 0.0375
4 0.24296875 0.35703125 0.0265625 0.03828125
2 0.46015625 0.15546875 0.021875 0.0328125
2 0.7640625 0.4796875 0.06640625 0.0984375
4 0.7109375 0.18828125 0.01328125 0.03828125
3 0.2390625 0.36953125 0.046875 0.06640625
5 0.303125 0.07265625 0.01015625 0.0140625
5 0.6234375 0.05390625 0.0140625 0.01640625