2 0.8171875 0.52734375 0.1453125 0.13359375
1 0.85234375 0.4328125 0.14296875 0.171875
2 0.2859375 0.65625 0.0921875 0.1578125
2 0.7109375 0.38515625 0.078125 0.0796875
2 0.1578125 0.23203125 0.05703125 0.03984375
2 0.3015625 0.4609375 0.059375 0.10078125
2 0.9671875 0.18828125 0.059375 0.04140625
2 0.9703125 0.46484375 0.05859375 0.08671875
2 0.39921875 0.4453125 0.053125 0.1125
2 0.66640625 0.3140625 0.07890625 0.08203125
2 0.98125 0.21953125 0.0359375 0.0453125
5 0.38203125 0.23046875 0.0265625 0.05234375
2 0.38984375 0.34609375 0.03984375 0.05859375
2 0.5046875 0.2703125 0.05546875 0.0578125
2 0.58046875 0.31484375 0.0703125 0.08515625
2 0.3671875 0.29296875 0.03984375 0.0546875
2 0.97890625 0.315625 0.0421875 0.1171875
1 0.36328125 0.1546875 0.03984375 0.059375
2 0.30625 0.34375 0.04453125 0.078125
5 0.62265625 0.065625 0.01328125 0.02265625
2 0.67265625 0.45390625 0.04140625 0.08515625
3 0.23515625 0.3890625 0.06015625 0.046875
2 0.45234375 0.23984375 0.03984375 0.0546875
4 0.87109375 0.26328125 0.0171875 0.0484375
5 0.30390625 0.07734375 0.0109375 0.01796875
2 0.775 0.375 0.0609375 0.06328125
5 0.82109375 0.06484375 0.01015625 0.01328125
4 0.2375 0.3578125 0.0296875 0.03671875
2 0.5828125 0.28671875 0.0640625 0.065625
2 0.4796875 0.3125 0.0328125 0.06640625
2 0.30390625 0.27890625 0.0390625 0.0515625
5 0.68671875 0.0640625 0.01328125 0.021875
4 0.94140625 0.38984375 0.028125 0.0609375
2 0.27890625 0.25 0.04296875 0.0421875
2 0.56484375 0.2453125 0.04609375 0.05234375
5 0.90703125 0.0875 0.01328125 0.02265625
2 0.24609375 0.196875 0.04921875 0.0328125
2 0.51171875 0.24375 0.053125 0.05390625
2 0.39609375 0.1625 0.021875 0.0296875
2 0.26796875 0.221875 0.05 0.05078125
3 0.23984375 0.3671875 0.04453125 0.05703125
2 0.9046875 0.16171875 0.0578125 0.034375
2 0.60859375 0.37734375 0.03125 0.06171875
4 0.60078125 0.16875 0.015625 0.03046875