2 0.4109375 0.75234375 0.0875 0.19609375
2 0.26640625 0.60390625 0.10078125 0.19609375
2 0.40703125 0.5046875 0.06328125 0.1140625
2 0.7875 0.3703125 0.10859375 0.1046875
1 0.9078125 0.7578125 0.18359375 0.4703125
2 0.96640625 0.18984375 0.059375 0.040625
2 0.68359375 0.371875 0.0921875 0.09296875
2 0.57734375 0.30625 0.07578125 0.08046875
2 0.94140625 0.478125 0.1171875 0.134375
2 0.13828125 0.23125 0.05 0.03828125
2 0.98203125 0.2171875 0.034375 0.0453125
2 0.32421875 0.38671875 0.04609375 0.08671875
2 0.3765625 0.32421875 0.04609375 0.06953125
2 0.25625 0.23671875 0.046875 0.04375
2 0.3078125 0.3109375 0.04375 0.06640625
2 0.66953125 0.32109375 0.07578125 0.06640625
2 0.60859375 0.2703125 0.0609375 0.0546875
3 0.234375 0.38828125 0.05625 0.0453125
2 0.97890625 0.31796875 0.04140625 0.11640625
5 0.6234375 0.0625 0.0125 0.0203125
5 0.821875 0.06015625 0.0125 0.0140625
4 0.23359375 0.359375 0.02578125 0.0359375
2 0.296875 0.26953125 0.04140625 0.0578125
2 0.20234375 0.2046875 0.05625 0.03515625
5 0.30546875 0.07578125 0.0125 0.0171875
5 0.9078125 0.08671875 0.01171875 0.021875
1 0.36640625 0.14765625 0.046875 0.06796875
2 0.4984375 0.2796875 0.05234375 0.0609375
2 0.33515625 0.2484375 0.0390625 0.046875
5 0.68671875 0.0578125 0.0125 0.01484375
3 0.23671875 0.36796875 0.04296875 0.05703125
2 0.365625 0.2734375 0.0375 0.03828125
3 0.2234375 0.38984375 0.034375 0.0359375