2 0.4140625 0.53671875 0.06484375 0.13203125
2 0.8625 0.40859375 0.12890625 0.125
2 0.80546875 0.44609375 0.11640625 0.1046875
2 0.725 0.35546875 0.08671875 0.0859375
2 0.29921875 0.4515625 0.06328125 0.14296875
2 0.39453125 0.39453125 0.05625 0.084375
2 0.96640625 0.190625 0.05859375 0.040625
1 0.7796875 0.66875 0.43984375 0.634375
2 0.31484375 0.32109375 0.0390625 0.059375
2 0.1703125 0.22578125 0.07578125 0.040625
2 0.36171875 0.2921875 0.03828125 0.06484375
2 0.625 0.3390625 0.07578125 0.0671875
2 0.98125 0.21953125 0.03515625 0.04296875
2 0.29140625 0.24609375 0.075 0.05625
5 0.50859375 0.0640625 0.01328125 0.01640625
2 0.61015625 0.30703125 0.09140625 0.0921875
2 0.5234375 0.29609375 0.0625 0.05859375
5 0.3046875 0.07578125 0.0109375 0.0171875
2 0.97890625 0.31953125 0.0421875 0.1203125
5 0.821875 0.06015625 0.0109375 0.01328125
5 0.62265625 0.06328125 0.01171875 0.0203125
3 0.234375 0.38828125 0.05703125 0.046875
2 0.56640625 0.25 0.053125 0.05390625
5 0.9078125 0.0875 0.01171875 0.0234375
2 0.4796875 0.22421875 0.0359375 0.04453125
2 0.42890625 0.15859375 0.02265625 0.02578125
3 0.23671875 0.3703125 0.04921875 0.06484375
5 0.68671875 0.06171875 0.01328125 0.01875
4 0.2359375 0.35703125 0.0265625 0.03828125