1 0.56015625 0.409375 0.2609375 0.31328125
2 0.80078125 0.38984375 0.09765625 0.0984375
1 0.36015625 0.63359375 0.07578125 0.16015625
2 0.7140625 0.38984375 0.09921875 0.09921875
2 0.9484375 0.44921875 0.10234375 0.11796875
2 0.3953125 0.39765625 0.05859375 0.0890625
2 0.66875 0.32734375 0.090625 0.06953125
2 0.9671875 0.18671875 0.05546875 0.03984375
2 0.98203125 0.2140625 0.03359375 0.0421875
2 0.3734375 0.31875 0.046875 0.0640625
2 0.3046875 0.35625 0.04921875 0.10625
2 0.3484375 0.2578125 0.03828125 0.05703125
5 0.50859375 0.0578125 0.0140625 0.01796875
5 0.6859375 0.0546875 0.0140625 0.0203125
5 0.23671875 0.23046875 0.05546875 0.0453125
2 0.575 0.25234375 0.04921875 0.059375
2 0.3109375 0.2296875 0.040625 0.0390625
2 0.28203125 0.24765625 0.0390625 0.0484375
1 0.365625 0.14609375 0.04375 0.0625
2 0.30703125 0.2765625 0.0359375 0.04921875
2 0.9796875 0.33828125 0.03984375 0.08515625
5 0.90703125 0.08515625 0.0109375 0.02265625
2 0.62890625 0.28515625 0.06328125 0.06171875
0 0.69140625 0.45625 0.0265625 0.07265625
3 0.22578125 0.38515625 0.04609375 0.04921875
2 0.10234375 0.2109375 0.04375 0.02890625
4 0.24296875 0.3546875 0.02421875 0.04296875
2 0.190625 0.20234375 0.05546875 0.03125
5 0.82109375 0.05703125 0.0125 0.0140625
2 0.9875 0.54609375 0.025 0.1046875
5 0.62265625 0.05546875 0.0125 0.01875
2 0.42734375 0.15546875 0.02421875 0.03203125
2 0.46015625 0.153125 0.02265625 0.02890625
2 0.53671875 0.26484375 0.04609375 0.05390625