2 0.93515625 0.52109375 0.1296875 0.1390625
1 0.63125 0.4734375 0.346875 0.3953125
2 0.7703125 0.37421875 0.0984375 0.09296875
2 0.9265625 0.42734375 0.1359375 0.109375
2 0.40703125 0.4421875 0.05625 0.10390625
2 0.96796875 0.18671875 0.0578125 0.040625
1 0.30546875 0.384375 0.0484375 0.115625
2 0.38125 0.34375 0.0515625 0.07265625
2 0.9828125 0.21484375 0.03359375 0.04140625
2 0.2640625 0.2328125 0.06015625 0.05390625
2 0.31015625 0.29453125 0.03515625 0.0546875
2 0.11953125 0.22421875 0.05625 0.04296875
2 0.67109375 0.365625 0.0859375 0.071875
2 0.353125 0.26953125 0.03515625 0.05859375
2 0.640625 0.3125 0.0890625 0.0703125
2 0.57109375 0.25234375 0.053125 0.0578125
5 0.50859375 0.05859375 0.01328125 0.0171875
2 0.32421875 0.24140625 0.03984375 0.040625
2 0.9796875 0.3125 0.040625 0.12578125
2 0.2921875 0.25703125 0.0359375 0.0515625
3 0.23359375 0.384375 0.0546875 0.05
5 0.6859375 0.05546875 0.01328125 0.01796875
1 0.36875 0.14609375 0.04921875 0.06171875
2 0.97578125 0.19765625 0.04609375 0.05390625
2 0.4859375 0.23125 0.034375 0.04765625
5 0.621875 0.06171875 0.01484375 0.025
2 0.6546875 0.3390625 0.11328125 0.12109375
5 0.82109375 0.06015625 0.01171875 0.01328125
4 0.24453125 0.353125 0.02734375 0.040625
2 0.978125 0.33046875 0.03984375 0.0671875
5 0.9078125 0.0859375 0.0109375 0.02265625
5 0.30390625 0.0734375 0.01171875 0.01484375
2 0.51640625 0.2140625 0.040625 0.05390625
4 0.678125 0.2421875 0.0265625 0.06328125
2 0.4609375 0.1515625 0.02578125 0.02421875
2 0.428125 0.15703125 0.02578125 0.028125