2 0.2296875 0.7546875 0.13359375 0.271875
1 0.415625 0.6015625 0.071875 0.1484375
2 0.3984375 0.915625 0.12265625 0.16484375
2 0.7453125 0.3546875 0.096875 0.0953125
2 0.1875 0.23046875 0.05859375 0.03984375
2 0.321875 0.44921875 0.05390625 0.1
2 0.9078125 0.4375 0.13046875 0.1046875
2 0.64453125 0.35703125 0.0890625 0.08125
2 0.96640625 0.1875 0.0578125 0.04140625
2 0.98125 0.21875 0.03515625 0.0453125
2 0.38203125 0.34453125 0.04765625 0.08515625
2 0.55390625 0.29921875 0.06328125 0.0671875
3 0.83984375 0.50546875 0.0609375 0.08828125
2 0.84765625 0.45625 0.103125 0.10859375
2 0.27734375 0.24765625 0.04453125 0.04375
2 0.4859375 0.26875 0.046875 0.05234375
2 0.31171875 0.340625 0.040625 0.06953125
2 0.63125 0.30234375 0.065625 0.0578125
2 0.21640625 0.2015625 0.0484375 0.03203125
5 0.821875 0.0609375 0.0125 0.01328125
5 0.621875 0.0640625 0.0125 0.0203125
3 0.95625 0.35390625 0.02421875 0.06484375
5 0.3046875 0.0765625 0.0109375 0.01875
2 0.30078125 0.2875 0.04140625 0.0546875
2 0.346875 0.26015625 0.03828125 0.0484375
3 0.9796875 0.32890625 0.040625 0.109375
3 0.23515625 0.3890625 0.05546875 0.04609375
2 0.5921875 0.2625 0.05625 0.05625
2 0.371875 0.28828125 0.03671875 0.04140625
3 0.9703125 0.3484375 0.0546875 0.08203125
5 0.68671875 0.059375 0.0125 0.0171875
5 0.9078125 0.08671875 0.0125 0.02109375
5 0.68671875 0.06640625 0.0140625 0.02890625
1 0.36640625 0.14765625 0.04609375 0.06796875
4 0.74140625 0.2234375 0.0140625 0.040625
4 0.74375 0.2828125 0.01796875 0.04453125