2 0.78359375 0.37890625 0.09765625 0.0953125
2 0.934375 0.42578125 0.1296875 0.10390625
1 0.60390625 0.45234375 0.3140625 0.37109375
1 0.36484375 0.71953125 0.08515625 0.19375
2 0.95078125 0.53515625 0.096875 0.15390625
2 0.403125 0.4265625 0.059375 0.10078125
2 0.96796875 0.18671875 0.05859375 0.03984375
2 0.6859375 0.36875 0.08515625 0.0765625
2 0.37734375 0.33671875 0.04765625 0.071875
2 0.98203125 0.21484375 0.03359375 0.04140625
2 0.64609375 0.315625 0.08984375 0.071875
5 0.25703125 0.23203125 0.04921875 0.05234375
1 0.3703125 0.14453125 0.05390625 0.0640625
5 0.50859375 0.0578125 0.0140625 0.01796875
2 0.57265625 0.253125 0.05078125 0.059375
2 0.30859375 0.28984375 0.03515625 0.05546875
5 0.6859375 0.05546875 0.01328125 0.01796875
2 0.1125 0.21640625 0.05390625 0.03671875
2 0.3515625 0.2640625 0.03515625 0.0578125
2 0.9796875 0.3140625 0.040625 0.1265625
3 0.22734375 0.3859375 0.04609375 0.04921875
2 0.97734375 0.20078125 0.04375 0.05546875
2 0.48828125 0.234375 0.03671875 0.05234375
2 0.290625 0.25546875 0.03359375 0.04921875
2 0.6671875 0.346875 0.11953125 0.12421875
4 0.24453125 0.353125 0.02734375 0.04296875
2 0.42890625 0.15625 0.0296875 0.0328125
2 0.5171875 0.2125 0.04140625 0.05
5 0.621875 0.06171875 0.01640625 0.02421875
2 0.46015625 0.15234375 0.02421875 0.02734375
5 0.9078125 0.08515625 0.0109375 0.021875
5 0.82109375 0.059375 0.01171875 0.01328125