1 0.415625 0.625 0.0734375 0.1515625
2 0.8234375 0.38828125 0.11484375 0.11171875
1 0.28515625 0.51484375 0.07734375 0.1609375
2 0.73046875 0.3984375 0.1015625 0.0875
1 0.83046875 0.703125 0.33828125 0.57578125
2 0.403125 0.4421875 0.05703125 0.0953125
2 0.96640625 0.18984375 0.05859375 0.040625
2 0.69609375 0.3359375 0.075 0.06796875
2 0.31953125 0.35 0.04140625 0.071875
2 0.21796875 0.23203125 0.05234375 0.0390625
2 0.59609375 0.3234375 0.07109375 0.07578125
2 0.30546875 0.29609375 0.03984375 0.05
2 0.98125 0.21875 0.03515625 0.04453125
2 0.9765625 0.46953125 0.046875 0.071875
2 0.51015625 0.29140625 0.0546875 0.05703125
2 0.36953125 0.30546875 0.04375 0.07265625
3 0.2359375 0.38828125 0.059375 0.04609375
2 0.61953125 0.27890625 0.05078125 0.05625
2 0.9796875 0.315625 0.040625 0.13515625
5 0.50859375 0.06015625 0.0140625 0.015625
5 0.821875 0.06015625 0.01171875 0.0140625
2 0.18125 0.2109375 0.05625 0.0359375
2 0.5546875 0.2421875 0.0421875 0.046875
5 0.3046875 0.07578125 0.0109375 0.01796875
5 0.48125 0.31484375 0.0359375 0.0625
5 0.6234375 0.0625 0.0140625 0.01875
4 0.2375 0.35703125 0.03046875 0.0359375
2 0.58359375 0.28515625 0.07109375 0.06328125
2 0.3203125 0.24375 0.0515625 0.0453125
5 0.90859375 0.08671875 0.0109375 0.021875
1 0.36875 0.146875 0.05234375 0.07109375
5 0.6859375 0.06171875 0.01328125 0.01875
3 0.2390625 0.36953125 0.046875 0.06171875