1 0.5625 0.41484375 0.26796875 0.32109375
2 0.79765625 0.3890625 0.1015625 0.1015625
1 0.36015625 0.63984375 0.07890625 0.1671875
2 0.94765625 0.45 0.1046875 0.11953125
2 0.709375 0.39140625 0.09296875 0.0984375
2 0.39609375 0.3984375 0.05703125 0.08984375
2 0.66796875 0.3265625 0.08984375 0.06875
2 0.98203125 0.21484375 0.034375 0.04296875
2 0.96796875 0.18671875 0.05703125 0.040625
2 0.3734375 0.3203125 0.04765625 0.06484375
2 0.30703125 0.3578125 0.04921875 0.109375
2 0.575 0.25234375 0.05 0.059375
5 0.50859375 0.0578125 0.01328125 0.01796875
2 0.34921875 0.2578125 0.03671875 0.05703125
5 0.6859375 0.0546875 0.0140625 0.0203125
2 0.98515625 0.54375 0.02890625 0.10390625
2 0.3078125 0.2765625 0.03515625 0.0515625
2 0.28203125 0.24765625 0.03828125 0.0484375
2 0.9796875 0.3375 0.040625 0.08203125
1 0.365625 0.14609375 0.04453125 0.0625
2 0.3125 0.23046875 0.0390625 0.03984375
5 0.9078125 0.08515625 0.0109375 0.02265625
3 0.2265625 0.38515625 0.0484375 0.04921875
2 0.628125 0.284375 0.06171875 0.06171875
4 0.24375 0.3546875 0.025 0.04296875
5 0.23828125 0.23125 0.05703125 0.04609375
5 0.82109375 0.05703125 0.01328125 0.0140625
2 0.428125 0.15546875 0.02578125 0.0328125
2 0.46015625 0.15390625 0.02421875 0.03046875
5 0.62265625 0.05546875 0.01328125 0.01875
2 0.64296875 0.29765625 0.08046875 0.08359375
5 0.68671875 0.06171875 0.01640625 0.02734375