1 0.2171875 0.8015625 0.140625 0.2890625
2 0.41328125 0.63515625 0.0765625 0.1484375
2 0.8953125 0.4328125 0.12265625 0.10390625
2 0.31953125 0.4625 0.059375 0.1
2 0.73671875 0.34921875 0.0953125 0.09296875
2 0.6375 0.3515625 0.08515625 0.0765625
2 0.39453125 0.94296875 0.1265625 0.1140625
2 0.965625 0.190625 0.05859375 0.04140625
2 0.2 0.234375 0.0578125 0.04140625
2 0.98125 0.21875 0.03515625 0.0453125
2 0.30078125 0.290625 0.04296875 0.05859375
2 0.83046875 0.45 0.09453125 0.09453125
2 0.31171875 0.35 0.04453125 0.0734375
2 0.5484375 0.284375 0.06484375 0.09140625
2 0.384375 0.346875 0.0484375 0.084375
2 0.2859375 0.25078125 0.04375 0.04609375
4 0.940625 0.33515625 0.01953125 0.05625
2 0.95859375 0.653125 0.07890625 0.084375
5 0.30390625 0.0765625 0.0109375 0.01875
5 0.821875 0.0609375 0.0125 0.0140625
3 0.8140625 0.4921875 0.0578125 0.08515625
2 0.3484375 0.26015625 0.03828125 0.0484375
2 0.48359375 0.26640625 0.04609375 0.053125
2 0.97890625 0.321875 0.04140625 0.11796875
5 0.62265625 0.0640625 0.01171875 0.01953125
3 0.23359375 0.3890625 0.046875 0.04453125
4 0.9640625 0.60078125 0.03828125 0.05703125
2 0.62421875 0.29765625 0.06171875 0.053125
1 0.365625 0.14921875 0.04609375 0.0671875
5 0.90703125 0.0875 0.0125 0.021875
1 0.06328125 0.20703125 0.0984375 0.046875
4 0.7421875 0.22109375 0.0125 0.03828125
3 0.93828125 0.35546875 0.02109375 0.03984375
5 0.68671875 0.06640625 0.0140625 0.02890625
5 0.68671875 0.05859375 0.0125 0.015625