6 0.175 0.22734375 0.08515625 0.0515625
2 0.7171875 0.353125 0.10234375 0.08828125
2 0.8640625 0.41796875 0.109375 0.11171875
2 0.35390625 0.49296875 0.0625 0.11484375
2 0.8140625 0.4453125 0.11875 0.1015625
2 0.625 0.36015625 0.0890625 0.084375
2 0.96796875 0.1859375 0.05703125 0.040625
1 0.303125 0.315625 0.04375 0.09140625
2 0.98203125 0.2140625 0.034375 0.04375
1 0.4890625 0.340625 0.16171875 0.2203125
2 0.2671875 0.23203125 0.04765625 0.04921875
2 0.5546875 0.284375 0.06171875 0.06328125
2 0.58203125 0.25625 0.05234375 0.05703125
2 0.37734375 0.35 0.0515625 0.0796875
1 0.36328125 0.14921875 0.0421875 0.0609375
2 0.64921875 0.29453125 0.0671875 0.06640625
2 0.3625 0.2921875 0.04296875 0.05234375
2 0.04296875 0.21953125 0.05078125 0.03359375
5 0.20546875 0.1078125 0.01015625 0.0203125
5 0.5109375 0.05625 0.0140625 0.01640625
3 0.234375 0.38515625 0.06015625 0.0484375
2 0.0109375 0.22578125 0.02109375 0.03125
2 0.459375 0.15625 0.02421875 0.0328125
5 0.68671875 0.05390625 0.0125 0.01875
5 0.3328125 0.23984375 0.0359375 0.05390625
5 0.90703125 0.084375 0.01171875 0.0203125
2 0.44765625 0.19765625 0.02734375 0.0421875
3 0.846875 0.5578125 0.046875 0.07578125
2 0.97890625 0.33671875 0.0421875 0.0828125
2 0.5296875 0.22578125 0.0359375 0.05390625
2 0.4265625 0.15859375 0.021875 0.0265625
4 0.671875 0.94453125 0.0890625 0.1109375
5 0.66640625 0.1515625 0.01484375 0.03359375
5 0.82109375 0.05625 0.01171875 0.01484375
5 0.5078125 0.059375 0.01328125 0.015625
4 0.71328125 0.19296875 0.01484375 0.0375