2 0.2484375 0.67109375 0.1140625 0.23046875
2 0.40703125 0.84609375 0.10078125 0.23671875
2 0.41171875 0.5484375 0.06875 0.12734375
2 0.6625 0.36640625 0.08984375 0.07734375
2 0.76796875 0.3625 0.09921875 0.103125
2 0.9375 0.44921875 0.12421875 0.103125
2 0.3234375 0.415625 0.05 0.0890625
2 0.965625 0.18984375 0.05859375 0.03984375
2 0.5671875 0.30546875 0.06796875 0.06484375
2 0.159375 0.23203125 0.05546875 0.03984375
2 0.98203125 0.21796875 0.034375 0.04609375
2 0.26640625 0.24140625 0.0453125 0.04140625
2 0.309375 0.32421875 0.0421875 0.0671875
2 0.37890625 0.33359375 0.04609375 0.08125
3 0.8921875 0.54453125 0.06171875 0.0796875
2 0.296875 0.27578125 0.0390625 0.05859375
2 0.89375 0.4703125 0.10703125 0.10078125
2 0.59921875 0.26640625 0.053125 0.06015625
2 0.4921875 0.2734375 0.05078125 0.05859375
5 0.821875 0.0609375 0.01171875 0.01328125
2 0.64609375 0.30546875 0.06328125 0.05625
3 0.9859375 0.378125 0.02734375 0.05703125
5 0.3046875 0.0765625 0.0109375 0.01875
3 0.2265625 0.3890625 0.040625 0.0390625
2 0.2109375 0.20390625 0.05078125 0.034375
5 0.9078125 0.0875 0.0125 0.02265625
4 0.23359375 0.36015625 0.0265625 0.03671875
5 0.6234375 0.06328125 0.0109375 0.01875
5 0.4296875 0.28515625 0.03125 0.059375
5 0.68671875 0.05859375 0.0125 0.01640625
2 0.97890625 0.31328125 0.04140625 0.0984375
1 0.36953125 0.1453125 0.05390625 0.07265625
2 0.57578125 0.26640625 0.08125 0.0578125
2 0.340625 0.25078125 0.0390625 0.046875
2 0.55234375 0.2671875 0.06171875 0.05078125
3 0.23515625 0.3671875 0.0390625 0.05390625