2 0.41171875 0.58203125 0.071875 0.13828125
2 0.234375 0.72265625 0.12578125 0.25859375
2 0.403125 0.8953125 0.109375 0.20625
2 0.7546875 0.35703125 0.0953125 0.0984375
2 0.321875 0.43828125 0.05234375 0.09765625
2 0.91796875 0.44453125 0.1296875 0.1046875
2 0.178125 0.22890625 0.05625 0.0390625
2 0.965625 0.18984375 0.0578125 0.040625
2 0.65 0.359375 0.0875 0.078125
2 0.38125 0.34453125 0.0484375 0.08359375
2 0.98125 0.21875 0.03515625 0.0453125
2 0.27421875 0.24609375 0.04609375 0.04375
4 0.8609375 0.4640625 0.10234375 0.10859375
2 0.21328125 0.20234375 0.05 0.03046875
2 0.559375 0.29921875 0.06875 0.07578125
3 0.85546875 0.51171875 0.06171875 0.0921875
3 0.965625 0.35390625 0.021875 0.0625
5 0.30390625 0.0765625 0.0109375 0.01875
2 0.63671875 0.30546875 0.06796875 0.0640625
2 0.5921875 0.26484375 0.0578125 0.05546875
2 0.3109375 0.33671875 0.03984375 0.06875
5 0.621875 0.06484375 0.0125 0.01953125
2 0.48671875 0.26953125 0.04375 0.05546875
5 0.821875 0.0609375 0.0125 0.01328125
3 0.23515625 0.3875 0.05859375 0.04765625
1 0.3671875 0.14765625 0.0484375 0.0703125
2 0.29921875 0.28515625 0.03828125 0.05546875
2 0.34609375 0.2578125 0.0375 0.0453125
2 0.45234375 0.17890625 0.0265625 0.0390625
2 0.465625 0.21015625 0.02890625 0.03828125
3 0.97109375 0.35 0.03671875 0.07890625
5 0.68671875 0.05859375 0.0125 0.01640625
3 0.978125 0.3234375 0.04375 0.12265625
4 0.7421875 0.28359375 0.01953125 0.04453125
5 0.68671875 0.0671875 0.0140625 0.03046875
2 0.2859375 0.253125 0.059375 0.06171875
5 0.90703125 0.08671875 0.0125 0.02109375
2 0.371875 0.2875 0.0359375 0.04296875
4 0.740625 0.22421875 0.01328125 0.04140625