2 0.90234375 0.57421875 0.16484375 0.13671875
2 0.30390625 0.5625 0.0703125 0.12734375
2 0.7484375 0.40625 0.08359375 0.09140625
2 0.9671875 0.18984375 0.05859375 0.0421875
2 0.68828125 0.32734375 0.08515625 0.08671875
2 0.25703125 0.240625 0.04609375 0.04453125
2 0.5984375 0.33515625 0.07265625 0.0734375
2 0.3953125 0.40234375 0.04921875 0.0890625
2 0.98125 0.21953125 0.03515625 0.046875
2 0.81796875 0.396875 0.08046875 0.08125
2 0.38359375 0.3203125 0.040625 0.0578125
2 0.31015625 0.4078125 0.04765625 0.090625
3 0.75234375 0.53359375 0.0546875 0.07578125
2 0.978125 0.31484375 0.04375 0.1203125
5 0.62265625 0.06484375 0.0109375 0.02109375
4 0.89453125 0.29296875 0.01484375 0.0546875
3 0.23515625 0.38671875 0.05703125 0.04921875
2 0.35703125 0.278125 0.03984375 0.05078125
5 0.82109375 0.06484375 0.0109375 0.01328125
2 0.525 0.2796875 0.05703125 0.05859375
5 0.4015625 0.2453125 0.0234375 0.0484375
4 0.684375 0.41640625 0.03359375 0.0578125
5 0.90703125 0.0875 0.0125 0.021875
5 0.68671875 0.06171875 0.0125 0.0171875
4 0.75234375 0.4875 0.03359375 0.0484375
5 0.3046875 0.07734375 0.0109375 0.01875