2 0.85390625 0.40703125 0.11875 0.1171875
1 0.2953125 0.465625 0.06484375 0.1421875
2 0.4140625 0.553125 0.06484375 0.13515625
2 0.7875 0.43984375 0.1125 0.0953125
2 0.71796875 0.35390625 0.0890625 0.08515625
1 0.78671875 0.67890625 0.42578125 0.64140625
2 0.396875 0.403125 0.0546875 0.08671875
2 0.96640625 0.190625 0.05859375 0.040625
2 0.31484375 0.328125 0.04140625 0.06640625
2 0.98125 0.21953125 0.03515625 0.04375
2 0.1859375 0.23046875 0.059375 0.0375
2 0.6125 0.32734375 0.08125 0.084375
2 0.36328125 0.2953125 0.040625 0.06640625
5 0.50859375 0.0640625 0.0140625 0.0171875
3 0.234375 0.38828125 0.05859375 0.046875
2 0.97890625 0.31953125 0.0421875 0.11328125
2 0.30390625 0.2828125 0.0390625 0.05390625
5 0.3046875 0.0765625 0.0109375 0.0171875
2 0.28984375 0.2484375 0.06171875 0.0546875
5 0.621875 0.06484375 0.0125 0.021875
5 0.821875 0.0609375 0.0109375 0.01328125
1 0.36640625 0.14921875 0.0453125 0.0671875
2 0.60546875 0.2890625 0.0859375 0.0640625
2 0.5640625 0.2484375 0.04765625 0.05390625
2 0.521875 0.296875 0.06015625 0.05859375
5 0.9078125 0.0875 0.01171875 0.02265625
2 0.42890625 0.15859375 0.0234375 0.02578125
2 0.478125 0.22265625 0.03203125 0.04453125
4 0.23515625 0.35703125 0.0265625 0.0375
5 0.68671875 0.06171875 0.01328125 0.01875
3 0.2359375 0.36953125 0.046875 0.0625
4 0.83203125 0.16953125 0.01484375 0.034375
2 0.16484375 0.2125 0.06328125 0.03203125
2 0.5078125 0.21875 0.0421875 0.0625
5 0.515625 0.32734375 0.03671875 0.0640625