2 0.40859375 0.80703125 0.09453125 0.22265625
1 0.25546875 0.6390625 0.11015625 0.21875
2 0.4109375 0.53125 0.065625 0.11875
2 0.7765625 0.36796875 0.10546875 0.1
2 0.67109375 0.36875 0.09296875 0.08515625
2 0.15234375 0.22890625 0.059375 0.03828125
2 0.9671875 0.18984375 0.059375 0.040625
2 0.571875 0.30859375 0.0703125 0.06796875
2 0.3234375 0.4015625 0.04921875 0.08828125
2 0.9109375 0.4828125 0.1109375 0.0953125
2 0.26171875 0.23984375 0.046875 0.04375
2 0.98203125 0.21796875 0.034375 0.0453125
2 0.31015625 0.31875 0.03828125 0.0578125
2 0.37734375 0.33203125 0.04765625 0.078125
2 0.94296875 0.45234375 0.11328125 0.10390625
2 0.20546875 0.20390625 0.059375 0.03515625
2 0.9375 0.775 0.125 0.434375
2 0.4953125 0.275 0.05234375 0.059375
3 0.915625 0.55234375 0.06484375 0.08203125
2 0.97890625 0.31640625 0.0421875 0.0984375
2 0.60234375 0.26875 0.05625 0.05859375
2 0.29765625 0.27421875 0.03984375 0.05625
5 0.62265625 0.06328125 0.01171875 0.0203125
2 0.65625 0.3125 0.07265625 0.0625
5 0.821875 0.06015625 0.01328125 0.0140625
5 0.4359375 0.28359375 0.03125 0.0546875
3 0.2328125 0.38828125 0.05234375 0.0453125
5 0.9078125 0.0875 0.0125 0.02265625
5 0.3046875 0.0765625 0.01171875 0.01875
2 0.33828125 0.2484375 0.0375 0.04609375
1 0.365625 0.14765625 0.046875 0.06953125
5 0.68671875 0.0578125 0.0125 0.015625
4 0.23203125 0.359375 0.0265625 0.03671875
2 0.9140625 0.5171875 0.0875 0.13984375
3 0.23515625 0.371875 0.04765625 0.06171875
4 0.7109375 0.19765625 0.0125 0.0359375