2 0.70703125 0.46015625 0.1171875 0.1125
2 0.27734375 0.57109375 0.0796875 0.13125
2 0.94140625 0.6078125 0.1171875 0.16640625
2 0.39609375 0.546875 0.06328125 0.1390625
2 0.94140625 0.490625 0.1171875 0.109375
2 0.9671875 0.190625 0.0578125 0.0421875
2 0.5421875 0.29921875 0.0609375 0.0609375
2 0.9 0.41484375 0.1125 0.0765625
2 0.228125 0.234375 0.05703125 0.03984375
2 0.4015625 0.40859375 0.046875 0.08515625
2 0.29921875 0.40390625 0.053125 0.0953125
2 0.653125 0.35625 0.06796875 0.07265625
2 0.37734375 0.328125 0.04609375 0.06484375
2 0.13515625 0.23125 0.04609375 0.0359375
2 0.98125 0.2203125 0.0359375 0.04453125
2 0.63828125 0.29453125 0.07578125 0.06875
2 0.978125 0.3171875 0.04296875 0.12265625
2 0.571875 0.2703125 0.04921875 0.0609375
2 0.02578125 0.2234375 0.05 0.0359375
2 0.22421875 0.9203125 0.13515625 0.15703125
3 0.23359375 0.38984375 0.05859375 0.0484375
2 0.5140625 0.35703125 0.04296875 0.07265625
2 0.3546875 0.2453125 0.04140625 0.0578125
1 0.36171875 0.1546875 0.040625 0.0578125
4 0.88671875 0.35390625 0.025 0.0421875
5 0.821875 0.06484375 0.009375 0.01484375
3 0.58984375 0.390625 0.03046875 0.075
5 0.30390625 0.0765625 0.0125 0.0171875
5 0.621875 0.065625 0.0125 0.0203125
4 0.83515625 0.2234375 0.015625 0.0375
2 0.4796875 0.24765625 0.0578125 0.05546875
2 0.5578125 0.28203125 0.0765625 0.07890625
5 0.90703125 0.0875 0.01328125 0.02265625
5 0.965625 0.13046875 0.01328125 0.021875
4 0.28046875 0.221875 0.01328125 0.03671875
1 0.45 0.203125 0.0578125 0.075