1 0.50546875 0.35546875 0.196875 0.26015625
2 0.69765625 0.3453125 0.096875 0.0859375
2 0.8390625 0.40390625 0.1046875 0.1046875
2 0.35390625 0.5359375 0.06640625 0.1296875
2 0.3859375 0.3640625 0.04921875 0.08359375
2 0.97578125 0.45859375 0.04609375 0.10390625
2 0.7734375 0.421875 0.10703125 0.10078125
2 0.98203125 0.21484375 0.034375 0.04140625
2 0.96875 0.1859375 0.05703125 0.0421875
2 0.3640625 0.30078125 0.04375 0.059375
2 0.61171875 0.34453125 0.06484375 0.0765625
2 0.30234375 0.328125 0.0453125 0.096875
2 0.54453125 0.278125 0.0609375 0.06328125
2 0.20390625 0.22890625 0.05859375 0.0484375
2 0.64140625 0.290625 0.0703125 0.0625
2 0.33984375 0.24375 0.0359375 0.05234375
5 0.50859375 0.0578125 0.0140625 0.01796875
2 0.5796875 0.25625 0.05234375 0.06015625
1 0.3625 0.15 0.0390625 0.05859375
2 0.27421875 0.2421875 0.04453125 0.053125
5 0.6875 0.05390625 0.01328125 0.01796875
2 0.30234375 0.2609375 0.03203125 0.0375
4 0.5609375 0.978125 0.0609375 0.04375
5 0.82109375 0.05625 0.01328125 0.015625
5 0.80546875 0.190625 0.01796875 0.0375
2 0.97890625 0.3140625 0.04140625 0.11640625
2 0.521875 0.22109375 0.0453125 0.06015625
2 0.42734375 0.15625 0.0234375 0.02890625
5 0.2046875 0.1078125 0.01015625 0.02109375
2 0.46015625 0.15546875 0.02265625 0.03125
3 0.2328125 0.384375 0.0546875 0.04921875
2 0.02734375 0.225 0.05390625 0.03125
3 0.771875 0.51171875 0.0546875 0.07734375
5 0.9078125 0.0859375 0.01171875 0.02578125
2 0.97890625 0.34453125 0.040625 0.07421875
2 0.74921875 0.46328125 0.05859375 0.103125
2 0.16640625 0.20703125 0.0578125 0.0328125
2 0.4453125 0.2 0.02265625 0.0328125
4 0.24453125 0.3546875 0.02734375 0.04296875
5 0.62265625 0.05390625 0.01328125 0.015625
2 0.76953125 0.4625 0.0984375 0.1453125