2 0.83046875 0.53828125 0.15234375 0.13828125
2 0.29296875 0.63671875 0.08203125 0.146875
1 0.86171875 0.43515625 0.1484375 0.16875
2 0.39765625 0.43515625 0.05078125 0.10546875
2 0.9671875 0.1890625 0.059375 0.040625
2 0.71640625 0.38828125 0.0796875 0.08828125
2 0.14765625 0.23359375 0.0546875 0.0375
2 0.67109375 0.315625 0.08203125 0.08046875
2 0.30234375 0.446875 0.05625 0.1015625
2 0.5828125 0.31953125 0.06953125 0.07265625
2 0.97734375 0.4671875 0.04453125 0.0796875
2 0.38984375 0.33984375 0.040625 0.0640625
2 0.30625 0.340625 0.04453125 0.0703125
2 0.98125 0.2203125 0.0359375 0.0453125
2 0.3671875 0.29140625 0.040625 0.053125
2 0.978125 0.315625 0.04375 0.125
4 0.875 0.2671875 0.015625 0.0484375
5 0.384375 0.23125 0.02734375 0.05
2 0.784375 0.38046875 0.06875 0.06796875
5 0.621875 0.06484375 0.0125 0.02109375
2 0.27734375 0.24921875 0.04765625 0.0453125
3 0.68125 0.478125 0.04375 0.07109375
3 0.234375 0.38671875 0.05859375 0.04765625
1 0.3625 0.1546875 0.0390625 0.059375
2 0.509375 0.26171875 0.05703125 0.075
5 0.30390625 0.07734375 0.0109375 0.01796875
2 0.39609375 0.1625 0.02265625 0.02890625
5 0.821875 0.065625 0.0109375 0.01328125
2 0.90625 0.1625 0.05703125 0.03515625
2 0.47734375 0.31171875 0.03359375 0.06640625
2 0.03046875 0.228125 0.0609375 0.034375
2 0.58671875 0.28359375 0.06015625 0.06484375
5 0.90703125 0.0875 0.01328125 0.02265625
5 0.68671875 0.06328125 0.01328125 0.01953125
4 0.94921875 0.3890625 0.02578125 0.0515625
4 0.2375 0.35703125 0.02734375 0.0359375
2 0.4546875 0.2328125 0.04453125 0.0625
3 0.23828125 0.371875 0.0484375 0.0640625