1 0.5640625 0.4171875 0.265625 0.325
2 0.796875 0.38671875 0.09765625 0.09921875
2 0.946875 0.44765625 0.10625 0.1203125
1 0.3609375 0.64453125 0.08046875 0.16796875
2 0.7078125 0.390625 0.08984375 0.09453125
2 0.39609375 0.4 0.05703125 0.09140625
2 0.66796875 0.32578125 0.08984375 0.06875
2 0.96796875 0.18671875 0.0578125 0.040625
2 0.98203125 0.21484375 0.034375 0.04296875
2 0.30703125 0.35859375 0.0484375 0.10859375
2 0.3734375 0.321875 0.046875 0.0640625
2 0.98125 0.5390625 0.03671875 0.1125
2 0.575 0.2515625 0.05 0.05859375
5 0.6859375 0.0546875 0.01484375 0.02109375
5 0.50859375 0.0578125 0.0140625 0.01875
2 0.3484375 0.25859375 0.0375 0.05703125
2 0.28515625 0.2484375 0.0375 0.046875
2 0.30703125 0.2796875 0.03515625 0.053125
2 0.97890625 0.31328125 0.0421875 0.1203125
1 0.3671875 0.14609375 0.0484375 0.06328125
3 0.23046875 0.38515625 0.05546875 0.0484375
4 0.24296875 0.3546875 0.02421875 0.04296875
2 0.31171875 0.23046875 0.0390625 0.03828125
2 0.628125 0.2828125 0.065625 0.0609375
5 0.9078125 0.08515625 0.01171875 0.021875
5 0.62265625 0.05546875 0.01328125 0.01875
2 0.428125 0.15546875 0.025 0.03203125
5 0.82109375 0.05703125 0.0125 0.0140625
2 0.46015625 0.1546875 0.02421875 0.0328125
4 0.73203125 0.303125 0.02265625 0.07421875
2 0.97734375 0.33125 0.040625 0.065625
2 0.64609375 0.30078125 0.0875 0.0859375
2 0.09140625 0.21484375 0.0671875 0.03125