2 0.29609375 0.61640625 0.08046875 0.14296875
2 0.3078125 0.43984375 0.05703125 0.09765625
2 0.725 0.39453125 0.0796875 0.0890625
2 0.9671875 0.19140625 0.06015625 0.04296875
2 0.85078125 0.546875 0.15625 0.13515625
2 0.13984375 0.2296875 0.04765625 0.03828125
2 0.396875 0.428125 0.05078125 0.09609375
2 0.67265625 0.3171875 0.08203125 0.0828125
2 0.38828125 0.33515625 0.04296875 0.065625
2 0.27109375 0.246875 0.0484375 0.04609375
2 0.98125 0.21953125 0.03515625 0.04609375
2 0.984375 0.478125 0.03125 0.06015625
2 0.5859375 0.3234375 0.0734375 0.07265625
2 0.30390625 0.33125 0.04453125 0.0625
2 0.79375 0.38515625 0.0734375 0.071875
3 0.69765625 0.48828125 0.04296875 0.0765625
4 0.878125 0.2734375 0.01640625 0.05078125
5 0.62265625 0.065625 0.0125 0.02109375
3 0.23515625 0.3890625 0.06015625 0.0453125
2 0.97890625 0.3203125 0.0421875 0.1265625
5 0.38828125 0.2359375 0.02421875 0.0453125
2 0.51171875 0.26953125 0.05546875 0.06875
5 0.90703125 0.08828125 0.0125 0.02265625
1 0.3625 0.15546875 0.03828125 0.05703125
5 0.821875 0.065625 0.009375 0.01328125
2 0.3015625 0.28046875 0.04140625 0.05703125
5 0.68671875 0.06484375 0.01328125 0.02265625
5 0.30390625 0.078125 0.01015625 0.0171875
4 0.74921875 0.19765625 0.01328125 0.0375
3 0.6375 0.396875 0.034375 0.0703125
4 0.74453125 0.3015625 0.0296875 0.0546875
2 0.02734375 0.23203125 0.05078125 0.03359375
2 0.3640625 0.2890625 0.0421875 0.05703125
4 0.95859375 0.39609375 0.02578125 0.0484375
2 0.39609375 0.16328125 0.02265625 0.02890625