2 0.40625 0.85703125 0.1015625 0.240625
2 0.246875 0.678125 0.11640625 0.23671875
2 0.4125 0.55390625 0.06875 0.12421875
2 0.76640625 0.36328125 0.09921875 0.1
2 0.6609375 0.365625 0.08984375 0.07890625
2 0.32265625 0.41796875 0.05078125 0.090625
2 0.96484375 0.18984375 0.05859375 0.03984375
2 0.93203125 0.4515625 0.13515625 0.11015625
2 0.56640625 0.3046875 0.06875 0.06484375
2 0.31015625 0.328125 0.040625 0.06640625
2 0.16328125 0.23125 0.0578125 0.03984375
2 0.3796875 0.33515625 0.04609375 0.08203125
2 0.26875 0.24140625 0.04296875 0.04296875
2 0.98203125 0.21796875 0.034375 0.04609375
3 0.88671875 0.54453125 0.0625 0.0734375
2 0.88984375 0.47109375 0.10703125 0.10078125
2 0.29765625 0.27734375 0.03984375 0.0578125
3 0.98515625 0.378125 0.02890625 0.0609375
2 0.21015625 0.20390625 0.05390625 0.03125
5 0.3046875 0.07578125 0.01171875 0.01875
5 0.821875 0.06015625 0.01171875 0.0140625
2 0.4921875 0.27265625 0.05078125 0.0578125
3 0.234375 0.38828125 0.05390625 0.04453125
4 0.8921875 0.51953125 0.06796875 0.08984375
5 0.90703125 0.08671875 0.0125 0.021875
2 0.5984375 0.26484375 0.05625 0.059375
1 0.36953125 0.14609375 0.05546875 0.0734375
5 0.42890625 0.278125 0.028125 0.053125
4 0.2328125 0.36015625 0.0265625 0.0359375
2 0.34140625 0.2515625 0.03828125 0.046875
5 0.68671875 0.05859375 0.01171875 0.01640625
5 0.62265625 0.06328125 0.0109375 0.01875
2 0.64375 0.3046875 0.0625 0.05390625
2 0.978125 0.3125 0.04375 0.096875
2 0.36875 0.28359375 0.03515625 0.040625
2 0.5546875 0.26875 0.05703125 0.0515625
3 0.2359375 0.36953125 0.0421875 0.05859375