2 0.71015625 0.46328125 0.11640625 0.11328125
2 0.27734375 0.56796875 0.078125 0.125
2 0.39609375 0.54140625 0.0625 0.1375
2 0.94375 0.60625 0.1125 0.1625
2 0.940625 0.49140625 0.11796875 0.11796875
2 0.96640625 0.18984375 0.05703125 0.04296875
2 0.8984375 0.41484375 0.1125 0.075
2 0.22890625 0.2375 0.05546875 0.03984375
2 0.4015625 0.40859375 0.0484375 0.08203125
2 0.54375 0.3 0.06171875 0.06171875
2 0.65546875 0.35703125 0.0703125 0.07421875
2 0.3 0.40234375 0.0546875 0.09453125
2 0.98125 0.2203125 0.0359375 0.04296875
2 0.13359375 0.2296875 0.046875 0.0375
2 0.6390625 0.2953125 0.07578125 0.06953125
2 0.3515625 0.246875 0.04453125 0.06015625
2 0.37734375 0.32421875 0.0453125 0.06171875
2 0.57265625 0.2703125 0.05 0.06015625
2 0.978125 0.3171875 0.04296875 0.109375
3 0.234375 0.38984375 0.05703125 0.04765625
2 0.47578125 0.25078125 0.0453125 0.0515625
1 0.36171875 0.1546875 0.040625 0.05859375
4 0.8359375 0.22421875 0.015625 0.03984375
4 0.88671875 0.35390625 0.0234375 0.040625
5 0.821875 0.0640625 0.009375 0.01484375
2 0.02421875 0.22421875 0.04609375 0.0359375
3 0.59140625 0.39375 0.0296875 0.06796875
2 0.51328125 0.35546875 0.04375 0.07265625
5 0.621875 0.065625 0.0125 0.0203125
5 0.30390625 0.07734375 0.0125 0.0171875
5 0.90703125 0.0875 0.01328125 0.02265625
5 0.965625 0.13046875 0.01328125 0.021875
4 0.2796875 0.2203125 0.01328125 0.03828125
2 0.56015625 0.28125 0.0765625 0.07734375
4 0.23828125 0.3578125 0.0296875 0.03359375
2 0.403125 0.15625 0.03359375 0.04375
3 0.23828125 0.36953125 0.046875 0.0578125