2 0.8421875 0.4 0.12421875 0.1203125
1 0.29296875 0.4828125 0.06875 0.15234375
2 0.4140625 0.57578125 0.0671875 0.14453125
2 0.76875 0.4265625 0.11171875 0.096875
2 0.39765625 0.41484375 0.05625 0.090625
2 0.71171875 0.34921875 0.0828125 0.08125
2 0.9671875 0.190625 0.05859375 0.040625
1 0.79921875 0.6796875 0.3984375 0.63515625
2 0.60703125 0.32890625 0.07734375 0.07578125
2 0.31640625 0.33515625 0.040625 0.0671875
2 0.98125 0.21953125 0.03515625 0.04375
2 0.20078125 0.23125 0.0546875 0.03984375
2 0.36640625 0.296875 0.04375 0.0703125
2 0.51875 0.2953125 0.05859375 0.05703125
2 0.59609375 0.29140625 0.084375 0.05859375
3 0.23515625 0.38828125 0.059375 0.04609375
2 0.97890625 0.31953125 0.04140625 0.121875
5 0.50859375 0.0640625 0.0140625 0.0171875
5 0.821875 0.0609375 0.0109375 0.01328125
2 0.165625 0.209375 0.05625 0.03359375
5 0.62265625 0.0640625 0.01171875 0.02109375
2 0.478125 0.221875 0.034375 0.04375
5 0.30390625 0.07578125 0.01015625 0.0171875
2 0.1859375 0.2234375 0.09140625 0.05234375
2 0.50703125 0.20859375 0.03671875 0.04765625
2 0.62265625 0.27734375 0.0546875 0.05859375
2 0.303125 0.25 0.08203125 0.06484375
5 0.90859375 0.0875 0.01171875 0.0234375
2 0.3046875 0.28515625 0.0390625 0.0515625
4 0.23671875 0.35703125 0.02734375 0.03828125
5 0.68671875 0.0625 0.0140625 0.0203125
3 0.23671875 0.3703125 0.0515625 0.06328125
4 0.83359375 0.16953125 0.0140625 0.0328125
3 0.5046875 0.3453125 0.0375 0.05625
2 0.99296875 0.4890625 0.01328125 0.06640625
1 0.9375 0.78125 0.125 0.43046875