1 0.27734375 0.54921875 0.09140625 0.17578125
1 0.8609375 0.72421875 0.27421875 0.54765625
1 0.41484375 0.6734375 0.0796875 0.16953125
2 0.8078125 0.38125 0.1078125 0.109375
2 0.7046875 0.38984375 0.0984375 0.09140625
2 0.403125 0.46875 0.06015625 0.096875
2 0.96640625 0.18984375 0.05859375 0.04140625
2 0.5859375 0.3140625 0.075 0.071875
2 0.96171875 0.45625 0.07421875 0.0671875
2 0.98203125 0.21796875 0.034375 0.04453125
2 0.234375 0.2359375 0.0515625 0.0375
2 0.3078125 0.3109375 0.0359375 0.03828125
2 0.68203125 0.3296875 0.07109375 0.0671875
2 0.18671875 0.21015625 0.0578125 0.034375
2 0.96484375 0.51953125 0.06953125 0.1359375
2 0.3234375 0.36328125 0.04296875 0.078125
2 0.97890625 0.31171875 0.04140625 0.13515625
2 0.61171875 0.2765625 0.0578125 0.05859375
2 0.371875 0.31171875 0.04609375 0.07265625
3 0.234375 0.3859375 0.05859375 0.05
5 0.821875 0.0609375 0.0125 0.01328125
5 0.50859375 0.06015625 0.0140625 0.01484375
2 0.328125 0.24296875 0.0375 0.0390625
2 0.29140625 0.25546875 0.0375 0.0421875
5 0.6234375 0.06171875 0.01328125 0.01875
2 0.5046875 0.284375 0.05078125 0.05546875
5 0.3046875 0.07578125 0.01171875 0.01875
2 0.55234375 0.23828125 0.04609375 0.04453125
2 0.471875 0.21875 0.0390625 0.04765625
2 0.5796875 0.28359375 0.075 0.06015625
5 0.9078125 0.08671875 0.01171875 0.02109375
5 0.68671875 0.0609375 0.01328125 0.01875
1 0.3703125 0.146875 0.05625 0.0703125