2 0.41484375 0.59375 0.0703125 0.14921875
2 0.83828125 0.39765625 0.115625 0.11484375
2 0.29140625 0.49453125 0.071875 0.1515625
1 0.80859375 0.68671875 0.38125 0.6203125
2 0.3984375 0.42734375 0.05546875 0.0875
2 0.75390625 0.41484375 0.10546875 0.0953125
2 0.96640625 0.190625 0.05859375 0.040625
2 0.60390625 0.32578125 0.071875 0.07734375
2 0.70625 0.3421875 0.075 0.07265625
2 0.98125 0.21953125 0.03515625 0.04453125
2 0.36640625 0.296875 0.046875 0.07421875
2 0.31953125 0.3390625 0.0421875 0.07578125
2 0.98671875 0.48203125 0.025 0.0703125
3 0.23203125 0.38515625 0.0578125 0.05078125
2 0.51796875 0.29296875 0.05546875 0.059375
2 0.5578125 0.2453125 0.04453125 0.0484375
5 0.50859375 0.06015625 0.0140625 0.01484375
5 0.62265625 0.0625 0.0125 0.0203125
2 0.58515625 0.28828125 0.0671875 0.0609375
5 0.821875 0.06015625 0.01171875 0.0140625
2 0.97890625 0.31875 0.04140625 0.11875
2 0.16796875 0.209375 0.05625 0.03515625
2 0.62265625 0.2828125 0.05 0.059375
5 0.3046875 0.0765625 0.0109375 0.0171875
5 0.49453125 0.321875 0.03984375 0.06875
5 0.90859375 0.08671875 0.0109375 0.021875
2 0.3046875 0.246875 0.08046875 0.05703125
2 0.47734375 0.22109375 0.034375 0.04921875
4 0.2375 0.35703125 0.0296875 0.0375
1 0.36796875 0.14765625 0.05 0.06796875
5 0.6859375 0.0625 0.01328125 0.0203125
2 0.50625 0.1984375 0.03359375 0.0328125
4 0.77421875 0.15625 0.0125 0.0265625
4 0.8375 0.16796875 0.0140625 0.03203125
2 0.30625 0.28828125 0.0390625 0.05390625