1 0.81328125 0.6921875 0.3703125 0.61484375
2 0.834375 0.3953125 0.11796875 0.1125
1 0.41484375 0.60390625 0.0703125 0.15234375
2 0.290625 0.50234375 0.07421875 0.153125
2 0.7453125 0.4109375 0.10390625 0.08828125
2 0.3984375 0.43203125 0.05546875 0.09140625
2 0.703125 0.340625 0.0765625 0.071875
2 0.96640625 0.190625 0.05859375 0.040625
2 0.6015625 0.3265625 0.0734375 0.071875
2 0.98125 0.21953125 0.03515625 0.04375
2 0.3171875 0.3421875 0.04140625 0.0703125
2 0.20859375 0.23203125 0.05390625 0.03671875
2 0.98359375 0.48046875 0.03203125 0.06484375
2 0.3671875 0.2984375 0.04609375 0.075
3 0.23203125 0.384375 0.05859375 0.05234375
5 0.50859375 0.06328125 0.0140625 0.0171875
2 0.5171875 0.29296875 0.05703125 0.059375
2 0.9796875 0.315625 0.040625 0.12265625
5 0.62265625 0.0625 0.01328125 0.0203125
5 0.490625 0.321875 0.0375 0.07109375
5 0.821875 0.06015625 0.0125 0.0140625
2 0.175 0.209375 0.05625 0.034375
2 0.62109375 0.28203125 0.05078125 0.05703125
5 0.3046875 0.07578125 0.0109375 0.01796875
5 0.90859375 0.08671875 0.0109375 0.021875
2 0.30625 0.29140625 0.0375 0.053125
2 0.4765625 0.22109375 0.03203125 0.04921875
2 0.5578125 0.24453125 0.04609375 0.0484375
2 0.5859375 0.2875 0.07109375 0.06328125
2 0.31015625 0.24453125 0.071875 0.04921875
1 0.3703125 0.146875 0.05390625 0.0703125
2 0.978125 0.3453125 0.040625 0.0734375
5 0.68671875 0.0625 0.0140625 0.02109375
4 0.77421875 0.15625 0.0125 0.0265625
4 0.834375 0.16875 0.0140625 0.0296875
2 0.28828125 0.253125 0.04609375 0.0546875
5 0.5109375 0.059375 0.01484375 0.01640625