2 0.80703125 0.52109375 0.14453125 0.13359375
2 0.28515625 0.67578125 0.08515625 0.15390625
2 0.965625 0.4578125 0.06640625 0.08359375
2 0.2984375 0.46796875 0.059375 0.10078125
2 0.16015625 0.2296875 0.05234375 0.03828125
2 0.9671875 0.18828125 0.059375 0.040625
2 0.70625 0.38046875 0.078125 0.08359375
2 0.3984375 0.4515625 0.05234375 0.10859375
2 0.98125 0.21953125 0.03515625 0.04609375
2 0.39296875 0.35 0.03984375 0.06796875
2 0.57734375 0.31796875 0.06796875 0.06953125
2 0.30390625 0.34921875 0.04609375 0.07265625
2 0.6640625 0.3109375 0.0796875 0.08359375
2 0.3671875 0.2953125 0.0390625 0.0546875
2 0.50390625 0.26953125 0.0578125 0.0578125
2 0.978125 0.315625 0.04375 0.121875
2 0.4515625 0.23828125 0.03828125 0.05
2 0.23359375 0.38515625 0.05859375 0.05390625
4 0.86953125 0.25859375 0.0171875 0.053125
2 0.66484375 0.45078125 0.04140625 0.09140625
5 0.37890625 0.228125 0.028125 0.05078125
5 0.621875 0.065625 0.0140625 0.02109375
2 0.48203125 0.3171875 0.03515625 0.0671875
5 0.30390625 0.07734375 0.0109375 0.01796875
2 0.25 0.19609375 0.04921875 0.0375
2 0.3046875 0.28046875 0.0375 0.0515625
1 0.3625 0.1546875 0.0375 0.05859375
5 0.821875 0.0609375 0.0109375 0.0125
2 0.28203125 0.23359375 0.053125 0.06875
2 0.509375 0.24375 0.05546875 0.0546875
2 0.39609375 0.1625 0.02265625 0.02890625
5 0.90703125 0.08671875 0.01328125 0.02265625
2 0.58359375 0.28359375 0.0578125 0.0625
2 0.76640625 0.36953125 0.05859375 0.06171875
2 0.90546875 0.16171875 0.05703125 0.03515625
3 0.6 0.36796875 0.03125 0.0609375
4 0.23828125 0.35703125 0.02890625 0.03671875
2 0.56484375 0.24453125 0.0453125 0.05
4 0.93828125 0.38984375 0.02890625 0.06328125
4 0.603125 0.16796875 0.01328125 0.03046875