1 0.27421875 0.56953125 0.09375 0.18515625
1 0.415625 0.696875 0.08203125 0.1796875
1 0.87578125 0.7359375 0.24609375 0.5109375
2 0.79921875 0.378125 0.10859375 0.109375
2 0.40390625 0.4796875 0.06171875 0.10390625
2 0.696875 0.384375 0.0953125 0.0890625
2 0.96640625 0.18984375 0.059375 0.040625
2 0.95703125 0.4953125 0.08515625 0.16015625
2 0.32265625 0.3703125 0.0453125 0.078125
2 0.58046875 0.3125 0.0734375 0.07421875
2 0.24375 0.234375 0.0484375 0.03828125
2 0.3078125 0.3078125 0.03984375 0.05546875
2 0.98203125 0.21875 0.034375 0.04453125
2 0.67734375 0.325 0.071875 0.065625
2 0.19140625 0.21015625 0.05703125 0.034375
2 0.37421875 0.31953125 0.04453125 0.06875
2 0.61015625 0.275 0.0609375 0.05859375
2 0.3296875 0.246875 0.0390625 0.0453125
5 0.821875 0.06015625 0.01171875 0.0140625
5 0.62265625 0.06328125 0.01328125 0.02109375
5 0.50859375 0.06015625 0.01484375 0.015625
2 0.97890625 0.3140625 0.04140625 0.128125
3 0.23515625 0.38828125 0.0578125 0.046875
5 0.9078125 0.08671875 0.01171875 0.021875
2 0.5046875 0.284375 0.0515625 0.059375
4 0.23515625 0.359375 0.028125 0.0390625
5 0.6859375 0.06171875 0.01328125 0.0203125
5 0.3046875 0.07578125 0.0109375 0.01875
1 0.36953125 0.14765625 0.0546875 0.0703125
2 0.553125 0.2375 0.0453125 0.046875
2 0.4703125 0.2171875 0.03671875 0.0515625
3 0.2375 0.36953125 0.046875 0.06015625
2 0.3640625 0.26953125 0.0390625 0.03984375
4 0.77421875 0.15703125 0.01171875 0.02734375
2 0.29140625 0.2609375 0.03984375 0.06328125