2 0.7578125 0.3703125 0.09609375 0.096875
2 0.9078125 0.4265625 0.13359375 0.115625
2 0.90546875 0.4984375 0.14296875 0.1296875
2 0.4109375 0.4625 0.0578125 0.1109375
1 0.3015625 0.4015625 0.05390625 0.12265625
1 0.66953125 0.5 0.39609375 0.44140625
2 0.9671875 0.18671875 0.059375 0.040625
2 0.384375 0.35625 0.05 0.071875
2 0.98203125 0.215625 0.034375 0.040625
2 0.3109375 0.3015625 0.0390625 0.05703125
2 0.6546875 0.35390625 0.08203125 0.07734375
2 0.62578125 0.30703125 0.08046875 0.06484375
2 0.3578125 0.2765625 0.03359375 0.06171875
1 0.36953125 0.1453125 0.053125 0.06484375
2 0.484375 0.2296875 0.034375 0.0453125
5 0.5078125 0.05859375 0.0140625 0.01640625
2 0.26171875 0.23828125 0.04921875 0.05390625
2 0.9796875 0.3125 0.040625 0.125
2 0.20546875 0.2015625 0.0546875 0.03359375
2 0.9765625 0.19921875 0.0453125 0.05546875
5 0.821875 0.05859375 0.01171875 0.01484375
5 0.68515625 0.05546875 0.01328125 0.0171875
3 0.22890625 0.38671875 0.04453125 0.0484375
2 0.29453125 0.265625 0.0328125 0.04765625
2 0.51484375 0.2125 0.040625 0.0515625
2 0.32890625 0.24453125 0.034375 0.04140625
4 0.2375 0.35703125 0.02890625 0.04375
5 0.90859375 0.0859375 0.0109375 0.02265625
2 0.57109375 0.25078125 0.05703125 0.05703125
5 0.30390625 0.075 0.0109375 0.01640625
2 0.02578125 0.2296875 0.0515625 0.034375
2 0.52265625 0.25703125 0.03828125 0.05
2 0.428125 0.1578125 0.0265625 0.02890625
3 0.2375 0.36796875 0.04375 0.06953125
4 0.70078125 0.29921875 0.0171875 0.05390625
2 0.978125 0.33046875 0.03984375 0.0671875
5 0.621875 0.05703125 0.01328125 0.01796875