2 0.84453125 0.40625 0.10546875 0.10625
2 0.353125 0.5296875 0.0671875 0.1234375
2 0.69921875 0.346875 0.0984375 0.08671875
2 0.7765625 0.42734375 0.1078125 0.09765625
1 0.50078125 0.35234375 0.19140625 0.2515625
2 0.3828125 0.36015625 0.05078125 0.0828125
2 0.978125 0.4609375 0.04375 0.10625
2 0.98203125 0.21484375 0.03359375 0.040625
2 0.6171875 0.34921875 0.06953125 0.075
2 0.96796875 0.1859375 0.0546875 0.0421875
2 0.3640625 0.2984375 0.04453125 0.05859375
2 0.30234375 0.3265625 0.0453125 0.0953125
2 0.64140625 0.29140625 0.07109375 0.06328125
2 0.5453125 0.27890625 0.06171875 0.0625
2 0.33984375 0.24296875 0.034375 0.05078125
5 0.50859375 0.0578125 0.0140625 0.0171875
1 0.36328125 0.14765625 0.03984375 0.0609375
2 0.57890625 0.25625 0.05078125 0.059375
4 0.57265625 0.97109375 0.0640625 0.05625
2 0.27734375 0.23984375 0.05390625 0.06015625
2 0.52109375 0.221875 0.046875 0.0625
5 0.8046875 0.19140625 0.01953125 0.0390625
5 0.6875 0.05390625 0.01328125 0.01796875
2 0.025 0.22890625 0.05 0.0328125
2 0.42734375 0.15625 0.02421875 0.02890625
2 0.30234375 0.259375 0.03203125 0.0375
2 0.98046875 0.340625 0.0390625 0.0796875
5 0.2046875 0.10703125 0.01015625 0.02109375
5 0.82109375 0.05625 0.0125 0.015625
2 0.44609375 0.19765625 0.02265625 0.0390625
4 0.24453125 0.35546875 0.02578125 0.0421875
5 0.90703125 0.0859375 0.01171875 0.02734375
2 0.46015625 0.15546875 0.021875 0.0328125
3 0.7859375 0.525 0.04453125 0.05625
2 0.7609375 0.471875 0.065625 0.10078125
3 0.23359375 0.384375 0.05703125 0.04921875
5 0.62265625 0.05390625 0.0140625 0.015625
4 0.734375 0.29765625 0.02109375 0.06484375