2 0.82421875 0.5296875 0.14921875 0.13828125
2 0.290625 0.64609375 0.084375 0.14609375
2 0.39765625 0.43984375 0.053125 0.10703125
2 0.7140625 0.38671875 0.08046875 0.0828125
2 0.30546875 0.45546875 0.05859375 0.1015625
2 0.1484375 0.23359375 0.05625 0.0421875
2 0.9671875 0.18828125 0.06015625 0.04140625
2 0.9734375 0.465625 0.0515625 0.08359375
2 0.66875 0.3140625 0.08046875 0.08125
2 0.3890625 0.34453125 0.040625 0.0578125
2 0.58203125 0.3140625 0.0703125 0.0890625
2 0.98125 0.21953125 0.0359375 0.0453125
2 0.50390625 0.26953125 0.05625 0.05390625
2 0.39765625 0.95625 0.12890625 0.0859375
5 0.38359375 0.23046875 0.0265625 0.0515625
2 0.77890625 0.3765625 0.059375 0.06484375
4 0.8734375 0.265625 0.01484375 0.04921875
2 0.97890625 0.31796875 0.0421875 0.125
2 0.36796875 0.2921875 0.03984375 0.05390625
1 0.303125 0.31484375 0.04609375 0.121875
5 0.621875 0.065625 0.01328125 0.02109375
1 0.3625 0.1546875 0.0390625 0.059375
3 0.234375 0.3890625 0.05859375 0.04609375
2 0.67578125 0.46953125 0.04296875 0.0671875
2 0.453125 0.24140625 0.040625 0.05546875
2 0.28125 0.24921875 0.04765625 0.046875
5 0.30390625 0.07734375 0.0109375 0.01875
4 0.2375 0.35703125 0.02890625 0.03515625
5 0.821875 0.065625 0.009375 0.01328125
4 0.94609375 0.38046875 0.02265625 0.0453125
2 0.39609375 0.16328125 0.021875 0.028125
2 0.4765625 0.31171875 0.0328125 0.06796875
3 0.23984375 0.36640625 0.0421875 0.05546875
5 0.90703125 0.0875 0.01328125 0.02265625
2 0.61796875 0.38125 0.03203125 0.07109375
5 0.68671875 0.06328125 0.01328125 0.02109375
2 0.51171875 0.24453125 0.05546875 0.0546875