1 0.41484375 0.61640625 0.0703125 0.15
2 0.8265625 0.390625 0.11640625 0.1109375
1 0.2859375 0.509375 0.07265625 0.15859375
1 0.8234375 0.69375 0.353125 0.596875
2 0.7375 0.40390625 0.10390625 0.0921875
2 0.4 0.4390625 0.0578125 0.08984375
2 0.6984375 0.3375 0.07734375 0.0703125
2 0.96640625 0.190625 0.059375 0.040625
2 0.97890625 0.47734375 0.0421875 0.0734375
2 0.59609375 0.31875 0.07734375 0.08203125
2 0.98203125 0.21796875 0.034375 0.0453125
2 0.2140625 0.23125 0.05546875 0.0375
2 0.31796875 0.3453125 0.04453125 0.06953125
2 0.51328125 0.29140625 0.05546875 0.0578125
2 0.9796875 0.315625 0.040625 0.134375
2 0.6203125 0.2796875 0.05390625 0.0578125
2 0.5546875 0.24296875 0.04140625 0.04453125
5 0.50859375 0.06015625 0.0140625 0.015625
5 0.821875 0.06015625 0.0125 0.0140625
2 0.178125 0.20859375 0.05703125 0.03203125
5 0.62265625 0.06328125 0.01328125 0.0203125
3 0.23515625 0.3875 0.05859375 0.046875
2 0.30546875 0.29453125 0.03828125 0.053125
2 0.3671875 0.30546875 0.0453125 0.07109375
2 0.59140625 0.2859375 0.08515625 0.065625
5 0.3046875 0.07578125 0.01171875 0.01796875
5 0.90859375 0.08671875 0.0109375 0.021875
5 0.6859375 0.06171875 0.01328125 0.01875
2 0.4765625 0.2203125 0.03515625 0.05
2 0.3078125 0.24609375 0.0765625 0.05078125
5 0.4859375 0.31875 0.0390625 0.06796875