1 0.2765625 0.5546875 0.09296875 0.17890625
1 0.86328125 0.728125 0.2703125 0.54375
1 0.41328125 0.678125 0.08046875 0.17421875
2 0.80546875 0.3796875 0.1125 0.1109375
2 0.40390625 0.4703125 0.059375 0.09921875
2 0.70234375 0.390625 0.09921875 0.08984375
2 0.96640625 0.18984375 0.059375 0.04140625
2 0.96015625 0.45390625 0.0765625 0.06328125
2 0.584375 0.31328125 0.075 0.0734375
2 0.32265625 0.36484375 0.04296875 0.0796875
2 0.30859375 0.3109375 0.0359375 0.03984375
2 0.98203125 0.21796875 0.034375 0.04453125
2 0.2375 0.23671875 0.05 0.03515625
2 0.9625 0.515625 0.0734375 0.1296875
2 0.68046875 0.3296875 0.0703125 0.06796875
2 0.1890625 0.21015625 0.059375 0.034375
2 0.50234375 0.28359375 0.05234375 0.05625
2 0.371875 0.3140625 0.04609375 0.0703125
2 0.9796875 0.3125 0.040625 0.134375
2 0.6109375 0.27578125 0.0578125 0.05859375
2 0.32890625 0.2453125 0.03984375 0.04609375
5 0.50859375 0.06015625 0.0140625 0.01484375
5 0.821875 0.0609375 0.0125 0.01328125
3 0.23515625 0.3859375 0.059375 0.05078125
2 0.2921875 0.2609375 0.03828125 0.04921875
5 0.6234375 0.06171875 0.01328125 0.01796875
5 0.9078125 0.08671875 0.01171875 0.02109375
5 0.6859375 0.0609375 0.01328125 0.01953125
2 0.471875 0.21953125 0.0390625 0.04765625
5 0.3046875 0.0765625 0.01171875 0.01875
2 0.58046875 0.2859375 0.07734375 0.065625
1 0.3703125 0.146875 0.0578125 0.0703125
2 0.55390625 0.23828125 0.046875 0.04609375
2 0.50546875 0.20390625 0.03359375 0.046875
2 0.978125 0.34453125 0.04140625 0.071875