2 0.9296875 0.590625 0.140625 0.153125
2 0.3078125 0.52734375 0.06796875 0.11640625
1 0.9375 0.4734375 0.125 0.190625
2 0.70234375 0.334375 0.08828125 0.08828125
2 0.771875 0.41796875 0.090625 0.0921875
2 0.84375 0.4140625 0.08984375 0.0953125
2 0.9671875 0.18984375 0.0578125 0.04375
2 0.6140625 0.34140625 0.078125 0.07109375
2 0.39296875 0.38046875 0.04609375 0.09140625
3 0.81328125 0.57578125 0.065625 0.07421875
2 0.30234375 0.30703125 0.04140625 0.059375
2 0.31171875 0.3875 0.04765625 0.08203125
2 0.98125 0.21953125 0.03515625 0.0453125
4 0.90625 0.3046875 0.0171875 0.05625
2 0.37890625 0.309375 0.0390625 0.05
2 0.29609375 0.26015625 0.040625 0.046875
2 0.24453125 0.23359375 0.0359375 0.03984375
2 0.97890625 0.32109375 0.0421875 0.11640625
5 0.821875 0.0609375 0.0125 0.01328125
4 0.8125 0.53125 0.03984375 0.0671875
5 0.621875 0.06484375 0.0125 0.02109375
2 0.53125 0.2828125 0.05703125 0.07265625
3 0.2296875 0.384375 0.0609375 0.04765625
3 0.72578125 0.453125 0.046875 0.0765625
2 0.35625 0.26796875 0.03828125 0.046875
4 0.74453125 0.20859375 0.0140625 0.0390625
5 0.3046875 0.0765625 0.01171875 0.01875
5 0.90703125 0.0875 0.0125 0.02265625
2 0.2328125 0.23828125 0.0515625 0.0375
2 0.2375 0.1984375 0.03671875 0.03046875
2 0.6046875 0.2859375 0.06015625 0.05703125
5 0.40859375 0.25546875 0.02109375 0.05546875
5 0.68671875 0.05859375 0.0125 0.015625
2 0.2390625 0.2140625 0.0484375 0.05625
5 0.68671875 0.065625 0.0140625 0.0265625
2 0.45625 0.19609375 0.0328125 0.04765625