2 0.265625 0.77421875 0.10625 0.19921875
2 0.76015625 0.4921875 0.13203125 0.1265625
2 0.29296875 0.50625 0.06875 0.11640625
2 0.96484375 0.50703125 0.06953125 0.10078125
2 0.67890625 0.3703125 0.07421875 0.07734375
2 0.39765625 0.48828125 0.0546875 0.1203125
2 0.9671875 0.18828125 0.06015625 0.04140625
2 0.94453125 0.43671875 0.1078125 0.0765625
2 0.19609375 0.23046875 0.06171875 0.03828125
2 0.37109375 0.30390625 0.040625 0.05859375
2 0.98125 0.21953125 0.0359375 0.0453125
2 0.39921875 0.37265625 0.04453125 0.07421875
2 0.30390625 0.36875 0.05 0.0890625
2 0.6546875 0.30546875 0.078125 0.0734375
2 0.978125 0.315625 0.04375 0.12421875
2 0.4890625 0.2609375 0.05078125 0.05078125
2 0.98515625 0.61875 0.02890625 0.115625
4 0.8546875 0.24296875 0.015625 0.04921875
2 0.5625 0.309375 0.06328125 0.06640625
3 0.234375 0.3875 0.05625 0.04765625
2 0.30390625 0.2796875 0.0453125 0.08828125
5 0.303125 0.07578125 0.0109375 0.01875
5 0.36328125 0.21796875 0.02578125 0.0421875
2 0.5796875 0.27890625 0.05390625 0.05859375
1 0.059375 0.25546875 0.11875 0.1
5 0.821875 0.0609375 0.0109375 0.0125
2 0.4421875 0.2203125 0.034375 0.05703125
5 0.621875 0.06484375 0.01328125 0.02109375
2 0.49375 0.3328125 0.0359375 0.0640625
3 0.62578125 0.4125 0.03515625 0.08125
2 0.671875 0.35546875 0.096875 0.12265625
2 0.3984375 0.16015625 0.02890625 0.03671875
2 0.44296875 0.13125 0.01953125 0.0234375
5 0.9078125 0.08671875 0.0125 0.02265625
1 0.36328125 0.15234375 0.0421875 0.06015625
2 0.3171875 0.2296875 0.04140625 0.05390625
4 0.91015625 0.37421875 0.03046875 0.05859375