2 0.7125 0.46484375 0.11953125 0.11484375
2 0.27890625 0.5640625 0.075 0.1265625
2 0.39609375 0.53984375 0.06328125 0.13984375
2 0.94140625 0.48984375 0.1171875 0.1171875
2 0.946875 0.60859375 0.10625 0.1609375
2 0.96640625 0.18984375 0.0578125 0.04375
2 0.9 0.415625 0.11171875 0.07421875
2 0.228125 0.2375 0.05625 0.040625
2 0.65625 0.35625 0.0703125 0.07421875
2 0.40078125 0.40546875 0.04765625 0.08359375
2 0.54296875 0.3 0.0640625 0.06171875
2 0.6390625 0.2953125 0.075 0.06796875
2 0.57265625 0.2703125 0.05078125 0.0609375
2 0.98125 0.21953125 0.0359375 0.04453125
2 0.30078125 0.4 0.05625 0.08984375
2 0.35078125 0.2453125 0.04375 0.06015625
2 0.4765625 0.25234375 0.04609375 0.05078125
2 0.13359375 0.22890625 0.0421875 0.03671875
2 0.3765625 0.32265625 0.0453125 0.06171875
2 0.3109375 0.29375 0.0453125 0.09921875
2 0.025 0.2234375 0.0484375 0.03671875
3 0.23359375 0.390625 0.05625 0.046875
2 0.978125 0.3171875 0.04375 0.10859375
5 0.821875 0.06484375 0.009375 0.01484375
5 0.621875 0.06484375 0.0125 0.0203125
3 0.59296875 0.3921875 0.03203125 0.07890625
1 0.36171875 0.15390625 0.0421875 0.059375
5 0.30390625 0.0765625 0.01171875 0.01796875
4 0.83671875 0.22578125 0.01484375 0.0390625
4 0.2390625 0.3578125 0.03046875 0.03515625
5 0.9078125 0.08671875 0.01328125 0.02265625
4 0.27890625 0.2203125 0.01328125 0.0359375
3 0.23984375 0.365625 0.0421875 0.0546875
5 0.965625 0.13046875 0.0125 0.0203125
2 0.51171875 0.35390625 0.04140625 0.071875
2 0.403125 0.15703125 0.0328125 0.04296875
5 0.68671875 0.0625 0.01171875 0.0171875
2 0.56171875 0.2828125 0.06171875 0.0734375
1 0.4390625 0.209375 0.03359375 0.06796875