1 0.41328125 0.61640625 0.07578125 0.14921875
2 0.2234375 0.778125 0.1359375 0.2796875
2 0.3203125 0.45546875 0.05546875 0.09921875
2 0.90234375 0.43515625 0.1203125 0.1046875
2 0.740625 0.35234375 0.09453125 0.09296875
2 0.396875 0.92734375 0.125 0.1453125
2 0.63984375 0.3515625 0.08515625 0.08203125
2 0.965625 0.190625 0.0578125 0.040625
2 0.19375 0.23359375 0.05703125 0.0390625
2 0.98125 0.21875 0.03515625 0.04453125
2 0.55390625 0.290625 0.06484375 0.0828125
2 0.3109375 0.34453125 0.04375 0.071875
2 0.840625 0.4578125 0.09609375 0.09140625
2 0.38515625 0.35078125 0.04453125 0.07265625
2 0.284375 0.24921875 0.04296875 0.04765625
2 0.3015625 0.28984375 0.04140625 0.05546875
2 0.97890625 0.321875 0.04140625 0.11171875
2 0.6296875 0.303125 0.06484375 0.05390625
2 0.34765625 0.2609375 0.0375 0.0484375
5 0.30390625 0.0765625 0.0109375 0.01875
2 0.82734375 0.50234375 0.0578125 0.0859375
5 0.821875 0.0609375 0.0125 0.0140625
3 0.96953125 0.665625 0.05859375 0.0875
2 0.4875 0.265625 0.03828125 0.05703125
5 0.621875 0.0640625 0.01328125 0.0203125
3 0.23515625 0.3890625 0.053125 0.04453125
1 0.36484375 0.15 0.04296875 0.06484375
2 0.37265625 0.290625 0.0375 0.0421875
5 0.41796875 0.27265625 0.02578125 0.05859375
5 0.68671875 0.05859375 0.0125 0.0171875
5 0.90703125 0.08671875 0.0125 0.02109375
3 0.95078125 0.34765625 0.021875 0.06640625
1 0.06796875 0.20859375 0.09453125 0.053125
5 0.6859375 0.065625 0.0140625 0.02734375
4 0.7421875 0.221875 0.01328125 0.0390625
2 0.46640625 0.2046875 0.028125 0.0390625
2 0.21484375 0.20390625 0.04765625 0.03203125