2 0.69453125 0.34375 0.09609375 0.08359375
1 0.35390625 0.5546875 0.06640625 0.13125
2 0.82734375 0.403125 0.1015625 0.10390625
2 0.7625 0.41953125 0.10390625 0.0953125
2 0.9703125 0.4609375 0.059375 0.1125
2 0.38828125 0.36953125 0.05 0.0828125
1 0.5171875 0.3859375 0.19375 0.22734375
2 0.98203125 0.21484375 0.034375 0.04140625
2 0.96796875 0.1859375 0.05625 0.0421875
2 0.30546875 0.33359375 0.0453125 0.09765625
2 0.365625 0.303125 0.04609375 0.0625
2 0.54140625 0.2734375 0.06328125 0.06015625
2 0.60703125 0.34375 0.06796875 0.07265625
5 0.80625 0.18984375 0.01640625 0.0359375
2 0.63984375 0.28984375 0.0703125 0.06328125
2 0.57890625 0.25703125 0.05078125 0.059375
2 0.275 0.24296875 0.0421875 0.0515625
5 0.50859375 0.0578125 0.0140625 0.01875
5 0.20625 0.2265625 0.05 0.0484375
1 0.36328125 0.14765625 0.04140625 0.06171875
5 0.6875 0.05390625 0.01328125 0.01875
3 0.7609375 0.50625 0.04296875 0.0625
2 0.97890625 0.34453125 0.040625 0.075
2 0.23203125 0.3828125 0.0609375 0.05234375
5 0.82109375 0.05625 0.0125 0.015625
2 0.34140625 0.24609375 0.0375 0.05234375
2 0.521875 0.21953125 0.04609375 0.059375
2 0.459375 0.1546875 0.021875 0.03359375
5 0.90703125 0.08359375 0.01171875 0.02734375
2 0.303125 0.2625 0.03125 0.040625
5 0.2046875 0.10703125 0.01015625 0.02109375
2 0.42734375 0.15546875 0.0234375 0.03125
1 0.47109375 0.31328125 0.109375 0.1671875
5 0.62265625 0.0546875 0.01328125 0.015625
2 0.44609375 0.19609375 0.021875 0.03046875
2 0.73984375 0.47578125 0.065625 0.1125
2 0.02890625 0.225 0.0546875 0.03203125
2 0.97890625 0.31796875 0.0421875 0.0984375
5 0.71015625 0.18828125 0.01328125 0.0375
4 0.24375 0.35625 0.02734375 0.040625