2 0.4125 0.715625 0.0828125 0.18515625
2 0.796875 0.37578125 0.109375 0.10390625
1 0.88671875 0.74921875 0.225 0.5015625
2 0.27109375 0.58046875 0.09609375 0.1953125
2 0.68984375 0.38125 0.09609375 0.08671875
2 0.40625 0.48984375 0.0609375 0.11015625
2 0.965625 0.18984375 0.06015625 0.040625
2 0.5796875 0.3125 0.0703125 0.071875
2 0.98203125 0.2171875 0.03515625 0.04453125
2 0.3078125 0.3078125 0.03984375 0.05703125
2 0.32265625 0.3734375 0.0453125 0.078125
2 0.375 0.321875 0.04453125 0.06640625
2 0.95078125 0.48203125 0.09609375 0.13125
2 0.24609375 0.2375 0.05078125 0.040625
2 0.671875 0.32265625 0.0703125 0.06328125
2 0.1375 0.22734375 0.04296875 0.0390625
2 0.33125 0.246875 0.0375 0.04375
5 0.821875 0.06015625 0.01171875 0.0140625
2 0.19375 0.20546875 0.0578125 0.03359375
2 0.6109375 0.27421875 0.06328125 0.05859375
2 0.9796875 0.334375 0.040625 0.09375
3 0.2359375 0.3875 0.059375 0.04765625
5 0.50859375 0.06015625 0.01328125 0.01484375
5 0.62265625 0.06328125 0.01328125 0.02109375
2 0.9796875 0.55078125 0.040625 0.0953125
2 0.5 0.27890625 0.053125 0.06171875
1 0.36640625 0.14921875 0.04609375 0.06640625
2 0.36484375 0.27109375 0.0359375 0.03671875
4 0.234375 0.359375 0.028125 0.0359375
5 0.9078125 0.08671875 0.01171875 0.021875
5 0.30546875 0.07578125 0.0125 0.01796875
5 0.68671875 0.0578125 0.01171875 0.01484375
2 0.9515625 0.4453125 0.096875 0.065625
2 0.2921875 0.26015625 0.03828125 0.059375
2 0.45234375 0.1828125 0.0234375 0.03359375
2 0.56640625 0.278125 0.06015625 0.05625