2 0.40625 0.83359375 0.096875 0.2296875
2 0.41015625 0.540625 0.0671875 0.12265625
2 0.253125 0.65859375 0.1125 0.228125
2 0.665625 0.3671875 0.0921875 0.08046875
2 0.771875 0.3640625 0.09921875 0.10390625
2 0.96640625 0.1875 0.059375 0.04140625
2 0.32421875 0.41015625 0.0484375 0.08828125
2 0.26484375 0.24140625 0.04765625 0.04140625
2 0.56875 0.3046875 0.0703125 0.0671875
2 0.1546875 0.2328125 0.05703125 0.040625
2 0.93515625 0.45234375 0.12890625 0.10546875
2 0.98203125 0.21796875 0.034375 0.04609375
2 0.378125 0.3328125 0.046875 0.08046875
2 0.30859375 0.32109375 0.04140625 0.06328125
2 0.29765625 0.27734375 0.0390625 0.05703125
2 0.2078125 0.20390625 0.053125 0.0359375
2 0.65 0.31015625 0.06875 0.06484375
2 0.49296875 0.27421875 0.05078125 0.059375
3 0.90390625 0.53671875 0.07421875 0.10859375
5 0.821875 0.06015625 0.0125 0.0140625
2 0.975 0.1984375 0.0484375 0.05546875
2 0.60078125 0.2671875 0.05390625 0.06015625
5 0.43125 0.28671875 0.0328125 0.06171875
2 0.90390625 0.4703125 0.12109375 0.11640625
2 0.3421875 0.25234375 0.0359375 0.0453125
3 0.2265625 0.38828125 0.03984375 0.0390625
5 0.6234375 0.0625 0.01015625 0.01875
5 0.3046875 0.0765625 0.0109375 0.01875
4 0.2328125 0.359375 0.02578125 0.0375
2 0.9515625 0.78046875 0.09453125 0.43125
2 0.97890625 0.3140625 0.0421875 0.09921875
5 0.68671875 0.05859375 0.0125 0.0171875
3 0.98828125 0.3796875 0.0234375 0.065625
5 0.9078125 0.0875 0.0125 0.02265625
2 0.4484375 0.1859375 0.02265625 0.0375
2 0.36875 0.28125 0.0359375 0.0421875
1 0.36484375 0.14921875 0.04453125 0.0671875
3 0.23515625 0.36875 0.0421875 0.05859375