2 0.86015625 0.55390625 0.15625 0.13359375
2 0.2953125 0.59921875 0.07578125 0.134375
1 0.88359375 0.44609375 0.15 0.17734375
1 0.30859375 0.43359375 0.05625 0.09453125
2 0.96796875 0.19140625 0.06015625 0.04375
2 0.396875 0.4203125 0.05078125 0.09375
2 0.67578125 0.3234375 0.0828125 0.0859375
2 0.73046875 0.39765625 0.08203125 0.08671875
2 0.38671875 0.3328125 0.04140625 0.06328125
2 0.26875 0.24609375 0.05 0.04375
2 0.30390625 0.32890625 0.04453125 0.0625
2 0.98125 0.21953125 0.03515625 0.046875
2 0.13359375 0.2328125 0.04453125 0.03671875
2 0.58984375 0.32109375 0.07265625 0.08359375
2 0.79765625 0.3875 0.06875 0.06953125
5 0.62265625 0.06484375 0.0125 0.02109375
4 0.88125 0.2765625 0.015625 0.0484375
5 0.390625 0.2359375 0.0265625 0.0453125
3 0.7109375 0.5015625 0.04453125 0.065625
3 0.234375 0.38984375 0.0609375 0.04765625
2 0.97890625 0.3203125 0.0421875 0.12421875
5 0.90703125 0.08828125 0.0125 0.02265625
2 0.23828125 0.21328125 0.0578125 0.06171875
2 0.5125 0.271875 0.0578125 0.06328125
5 0.821875 0.065625 0.009375 0.0125
2 0.9890625 0.475 0.021875 0.06796875
4 0.7484375 0.1984375 0.01328125 0.03828125
2 0.3015625 0.27578125 0.04140625 0.04921875
1 0.36328125 0.15546875 0.04140625 0.05859375
2 0.24296875 0.19765625 0.0484375 0.034375
5 0.30390625 0.078125 0.01015625 0.0171875
4 0.965625 0.40625 0.02734375 0.06171875
2 0.24921875 0.23203125 0.0703125 0.06171875
5 0.68671875 0.0640625 0.01328125 0.021875