2 0.4140625 0.559375 0.065625 0.13203125
1 0.29609375 0.46875 0.06640625 0.1484375
2 0.853125 0.403125 0.12265625 0.1171875
2 0.78515625 0.434375 0.11171875 0.09765625
2 0.71953125 0.3515625 0.08828125 0.08125
1 0.78984375 0.6796875 0.41796875 0.640625
2 0.396875 0.40703125 0.05625 0.0890625
2 0.9671875 0.190625 0.05859375 0.040625
2 0.60859375 0.325 0.084375 0.0875
2 0.31640625 0.33125 0.040625 0.065625
2 0.98125 0.21953125 0.03515625 0.04375
2 0.19296875 0.23203125 0.05859375 0.03515625
2 0.3640625 0.29765625 0.040625 0.06875
5 0.50859375 0.0640625 0.0140625 0.01796875
2 0.3015625 0.2796875 0.0375 0.05078125
2 0.97890625 0.3203125 0.0421875 0.10859375
2 0.60546875 0.28671875 0.0890625 0.06484375
3 0.234375 0.3890625 0.05703125 0.0453125
5 0.821875 0.0609375 0.0109375 0.01328125
5 0.62265625 0.0640625 0.01171875 0.021875
5 0.3046875 0.0765625 0.01015625 0.0171875
2 0.5203125 0.296875 0.059375 0.06015625
4 0.2359375 0.35703125 0.0265625 0.0375
2 0.29140625 0.25 0.0640625 0.05546875
2 0.16015625 0.21015625 0.05078125 0.03203125
5 0.9078125 0.0875 0.01171875 0.02265625
5 0.68671875 0.06171875 0.01328125 0.01953125
2 0.47734375 0.22265625 0.0328125 0.04453125
1 0.3671875 0.1484375 0.0484375 0.06640625
3 0.23828125 0.36484375 0.04140625 0.0546875
4 0.83203125 0.16953125 0.0140625 0.03359375
2 0.5078125 0.20859375 0.0390625 0.04609375
2 0.4296875 0.15859375 0.0234375 0.0265625
2 0.62421875 0.27734375 0.05625 0.0546875
4 0.95625 0.76875 0.03359375 0.08203125