2 0.8265625 0.403125 0.09921875 0.103125
2 0.35390625 0.5609375 0.06953125 0.1375
2 0.69140625 0.3421875 0.09375 0.08046875
2 0.759375 0.41484375 0.0984375 0.096875
2 0.96875 0.46015625 0.0625 0.11640625
2 0.3890625 0.371875 0.05078125 0.0828125
1 0.5171875 0.37734375 0.20234375 0.2484375
2 0.96875 0.1859375 0.05703125 0.04140625
2 0.98203125 0.2140625 0.034375 0.0421875
2 0.36640625 0.30390625 0.04765625 0.0625
2 0.30546875 0.334375 0.0453125 0.1
5 0.2078125 0.22578125 0.05 0.05
2 0.54140625 0.27421875 0.0625 0.06015625
2 0.27578125 0.24375 0.0421875 0.05078125
5 0.50859375 0.0578125 0.0140625 0.01875
2 0.578125 0.25625 0.05 0.059375
2 0.6390625 0.28984375 0.06875 0.06484375
1 0.3625 0.14765625 0.03984375 0.0609375
2 0.23203125 0.3828125 0.0609375 0.05234375
5 0.6875 0.05390625 0.0140625 0.01875
2 0.521875 0.21953125 0.04609375 0.059375
2 0.98046875 0.33984375 0.0390625 0.078125
5 0.80703125 0.18984375 0.0171875 0.0359375
5 0.82109375 0.05625 0.0125 0.015625
3 0.75546875 0.5015625 0.0421875 0.0671875
5 0.34140625 0.246875 0.0390625 0.053125
2 0.459375 0.15546875 0.02109375 0.03203125
5 0.90703125 0.084375 0.01171875 0.0265625
2 0.60625 0.34375 0.059375 0.06953125
2 0.7375 0.46953125 0.06953125 0.1265625
2 0.42734375 0.15546875 0.02265625 0.03046875
5 0.62265625 0.0546875 0.01328125 0.015625
2 0.171875 0.20390625 0.05859375 0.03515625
5 0.20390625 0.10703125 0.01015625 0.0203125
2 0.44609375 0.196875 0.021875 0.028125
2 0.0328125 0.22421875 0.05859375 0.03203125
4 0.71015625 0.18671875 0.0140625 0.03828125