2 0.871875 0.5609375 0.15703125 0.13515625
1 0.29921875 0.58828125 0.07578125 0.1375
2 0.9671875 0.190625 0.059375 0.04296875
2 0.396875 0.41171875 0.05 0.09921875
2 0.6796875 0.3234375 0.08359375 0.0859375
2 0.73671875 0.40078125 0.08671875 0.0859375
2 0.30703125 0.42578125 0.053125 0.090625
2 0.3859375 0.328125 0.04296875 0.0640625
2 0.3046875 0.321875 0.04296875 0.0609375
2 0.2609375 0.24453125 0.05078125 0.04609375
2 0.5921875 0.3140625 0.0734375 0.10078125
2 0.98125 0.21953125 0.03515625 0.04609375
4 0.88515625 0.27890625 0.01640625 0.05234375
2 0.80703125 0.390625 0.08125 0.071875
2 0.36171875 0.28359375 0.0421875 0.0515625
3 0.234375 0.38984375 0.0609375 0.04609375
5 0.62265625 0.065625 0.01328125 0.021875
5 0.39453125 0.24140625 0.02578125 0.05078125
3 0.721875 0.50390625 0.046875 0.06328125
2 0.978125 0.31875 0.04375 0.128125
5 0.90703125 0.0875 0.0125 0.021875
2 0.5171875 0.26796875 0.05390625 0.07890625
5 0.303125 0.078125 0.0109375 0.0171875
5 0.821875 0.065625 0.01015625 0.01328125
2 0.2328125 0.2140625 0.065625 0.06484375
4 0.7484375 0.2 0.01328125 0.03828125
1 0.3640625 0.153125 0.0421875 0.05859375
5 0.6859375 0.0625 0.0125 0.01796875
4 0.74296875 0.296875 0.0328125 0.06875
2 0.30234375 0.27578125 0.040625 0.04453125
2 0.02578125 0.23046875 0.046875 0.03125