2 0.86484375 0.40859375 0.125 0.1171875
2 0.41328125 0.534375 0.06484375 0.1296875
2 0.80859375 0.4484375 0.11640625 0.10625
2 0.7265625 0.35546875 0.0859375 0.08515625
2 0.2984375 0.44921875 0.06328125 0.14453125
2 0.39453125 0.39453125 0.05703125 0.08359375
2 0.965625 0.18984375 0.06015625 0.040625
1 0.775 0.6734375 0.44921875 0.63203125
2 0.16875 0.2265625 0.0765625 0.03984375
2 0.98125 0.21953125 0.03515625 0.04296875
2 0.31328125 0.3203125 0.03984375 0.06171875
2 0.36171875 0.29296875 0.03828125 0.0640625
2 0.6265625 0.3390625 0.0765625 0.06953125
5 0.50859375 0.0640625 0.01328125 0.01640625
2 0.290625 0.24453125 0.075 0.05703125
5 0.3046875 0.07578125 0.0109375 0.0171875
2 0.5234375 0.29375 0.06171875 0.05546875
2 0.97890625 0.31640625 0.04140625 0.1265625
5 0.821875 0.06015625 0.0109375 0.01328125
5 0.62265625 0.0640625 0.0125 0.02109375
2 0.60859375 0.29609375 0.08203125 0.071875
3 0.23359375 0.38828125 0.0546875 0.04609375
5 0.9078125 0.0875 0.01171875 0.0234375
2 0.4796875 0.2234375 0.034375 0.04453125
5 0.6859375 0.06171875 0.01328125 0.01953125
2 0.56875 0.24921875 0.05625 0.0546875
1 0.36484375 0.15 0.0421875 0.06796875
2 0.42890625 0.15859375 0.021875 0.025
4 0.2359375 0.35703125 0.0265625 0.0375
5 0.52578125 0.334375 0.04140625 0.0578125
2 0.30234375 0.28203125 0.03671875 0.04609375
3 0.2375 0.36796875 0.04453125 0.06015625