2 0.73984375 0.48359375 0.12890625 0.121875
2 0.25546875 0.83125 0.11484375 0.21875
2 0.28984375 0.5265625 0.07265625 0.11875
2 0.95703125 0.5015625 0.0859375 0.09921875
1 0.79375 0.4078125 0.14609375 0.1578125
2 0.971875 0.60703125 0.0546875 0.11171875
2 0.20546875 0.23125 0.05390625 0.040625
2 0.671875 0.3640625 0.07109375 0.0796875
2 0.9671875 0.1875 0.05859375 0.0421875
2 0.93515625 0.428125 0.12421875 0.08203125
2 0.3984375 0.5015625 0.0578125 0.12734375
2 0.4 0.38515625 0.0453125 0.07734375
2 0.30390625 0.38515625 0.0515625 0.0828125
2 0.5546875 0.30546875 0.06328125 0.0640625
2 0.484375 0.25625 0.04765625 0.05234375
2 0.98125 0.21875 0.03515625 0.0453125
2 0.3734375 0.31015625 0.04453125 0.0609375
2 0.978125 0.315625 0.04375 0.128125
4 0.6875 0.81875 0.0390625 0.128125
2 0.646875 0.29921875 0.07109375 0.06953125
2 0.30546875 0.28203125 0.040625 0.0921875
4 0.903125 0.365625 0.0265625 0.05546875
5 0.30390625 0.0765625 0.01171875 0.01875
2 0.32890625 0.23515625 0.03984375 0.05390625
2 0.57734375 0.2765625 0.05 0.06171875
3 0.2296875 0.384375 0.05703125 0.04765625
1 0.36328125 0.15234375 0.04296875 0.06015625
3 0.615625 0.409375 0.03359375 0.0796875
5 0.821875 0.0609375 0.0109375 0.0125
4 0.84921875 0.2328125 0.01328125 0.04375
5 0.621875 0.06484375 0.0125 0.02109375
3 0.22421875 0.3890625 0.034375 0.04140625
5 0.35703125 0.215625 0.02421875 0.04296875
2 0.403125 0.1578125 0.03203125 0.03828125
2 0.49921875 0.23125 0.04921875 0.053125
2 0.440625 0.21484375 0.03359375 0.06015625
2 0.259375 0.18984375 0.04375 0.03203125