2 0.8859375 0.56640625 0.165625 0.1421875
2 0.3015625 0.57890625 0.07265625 0.12578125
2 0.9671875 0.190625 0.059375 0.04296875
2 0.9046875 0.45390625 0.1546875 0.18203125
2 0.396875 0.40625 0.05078125 0.09765625
2 0.7390625 0.40390625 0.08359375 0.0859375
2 0.309375 0.41640625 0.05078125 0.09453125
2 0.68359375 0.325 0.08203125 0.0859375
2 0.5953125 0.315625 0.07421875 0.10234375
2 0.259375 0.2421875 0.0515625 0.04609375
2 0.98125 0.21953125 0.03515625 0.04609375
2 0.8109375 0.39296875 0.08125 0.07421875
2 0.38359375 0.32421875 0.04140625 0.065625
4 0.8875 0.28203125 0.0171875 0.0546875
5 0.62265625 0.06484375 0.0125 0.021875
3 0.234375 0.3890625 0.06015625 0.04765625
3 0.7328125 0.51640625 0.05 0.06640625
2 0.97890625 0.31796875 0.0421875 0.11796875
2 0.52109375 0.2796875 0.059375 0.05703125
2 0.3609375 0.2796875 0.040625 0.04765625
5 0.821875 0.065625 0.01015625 0.0125
5 0.90703125 0.08828125 0.0125 0.021875
5 0.6859375 0.06328125 0.0125 0.01875
2 0.67109375 0.41484375 0.03671875 0.096875
2 0.128125 0.2328125 0.02734375 0.03828125
5 0.39765625 0.2421875 0.02578125 0.05234375
4 0.74765625 0.20078125 0.0125 0.0375
1 0.36484375 0.153125 0.0421875 0.05859375
4 0.9765625 0.4078125 0.02421875 0.05546875