2 0.8046875 0.390625 0.1 0.10234375
1 0.35859375 0.621875 0.075 0.153125
2 0.71953125 0.39296875 0.1 0.0984375
2 0.95078125 0.453125 0.096875 0.1234375
1 0.553125 0.40390625 0.25234375 0.309375
2 0.39453125 0.39375 0.059375 0.08984375
2 0.671875 0.32890625 0.0921875 0.071875
2 0.98203125 0.2140625 0.034375 0.04296875
2 0.9671875 0.18671875 0.05546875 0.04140625
2 0.3046875 0.35 0.0484375 0.10546875
2 0.371875 0.31484375 0.04765625 0.06484375
2 0.57578125 0.2515625 0.05078125 0.06015625
5 0.6859375 0.0546875 0.0140625 0.02109375
5 0.50859375 0.0578125 0.0140625 0.01796875
2 0.30703125 0.275 0.034375 0.0453125
2 0.3484375 0.25625 0.03515625 0.05859375
2 0.62890625 0.28203125 0.06171875 0.05859375
2 0.5375 0.26640625 0.0484375 0.05546875
1 0.36484375 0.14765625 0.0421875 0.06015625
2 0.9796875 0.33828125 0.040625 0.0796875
3 0.6921875 0.45859375 0.0421875 0.06953125
2 0.30859375 0.2296875 0.04140625 0.03828125
5 0.9078125 0.08515625 0.0109375 0.0234375
2 0.18828125 0.203125 0.05234375 0.03046875
5 0.62265625 0.05625 0.0125 0.01875
5 0.8203125 0.05703125 0.01328125 0.015625
3 0.23046875 0.384375 0.0546875 0.04921875
4 0.24375 0.3546875 0.025 0.04375
2 0.28125 0.246875 0.0390625 0.04609375
2 0.2953125 0.24296875 0.0609375 0.059375
2 0.428125 0.15546875 0.02421875 0.03203125
4 0.73203125 0.303125 0.021875 0.0765625
2 0.4609375 0.15234375 0.02265625 0.02890625