2 0.25 0.6796875 0.11953125 0.2390625
2 0.4125 0.55703125 0.0703125 0.12265625
2 0.40546875 0.86953125 0.10390625 0.24609375
2 0.76484375 0.3625 0.0984375 0.1
2 0.65859375 0.3640625 0.0875 0.07734375
2 0.32265625 0.41953125 0.05234375 0.090625
2 0.96640625 0.1875 0.0578125 0.04140625
2 0.16484375 0.23125 0.059375 0.040625
2 0.26953125 0.24296875 0.04296875 0.0421875
2 0.9390625 0.44765625 0.11796875 0.10390625
2 0.31015625 0.32890625 0.04140625 0.06640625
2 0.98203125 0.21796875 0.034375 0.046875
2 0.56484375 0.3046875 0.06875 0.06484375
2 0.3796875 0.33828125 0.0453125 0.08046875
2 0.88671875 0.4671875 0.10546875 0.1015625
3 0.88515625 0.53359375 0.06015625 0.084375
3 0.98359375 0.36875 0.02890625 0.065625
2 0.21015625 0.20390625 0.05234375 0.03203125
2 0.2984375 0.28046875 0.0390625 0.059375
5 0.821875 0.06015625 0.01171875 0.01328125
5 0.30390625 0.0765625 0.01171875 0.01875
2 0.49140625 0.271875 0.05 0.05703125
5 0.90703125 0.0875 0.0125 0.02265625
3 0.22578125 0.3890625 0.03828125 0.03984375
4 0.2328125 0.36015625 0.02578125 0.0359375
2 0.36875 0.28515625 0.03515625 0.0421875
1 0.36953125 0.14609375 0.0546875 0.071875
2 0.59609375 0.2640625 0.05859375 0.05859375
2 0.64453125 0.30546875 0.06640625 0.05625
5 0.62265625 0.06328125 0.0109375 0.01953125
2 0.34296875 0.25234375 0.0359375 0.046875
5 0.68671875 0.05859375 0.0125 0.015625
1 0.02265625 0.21796875 0.04453125 0.04375
3 0.23515625 0.36640625 0.0375 0.05234375