2 0.3546875 0.540625 0.06796875 0.13046875
2 0.696875 0.34453125 0.09609375 0.08515625
2 0.834375 0.40390625 0.10703125 0.10390625
1 0.5078125 0.3578125 0.196875 0.26328125
2 0.3875 0.36484375 0.05 0.08203125
2 0.7703125 0.42109375 0.1046875 0.09765625
2 0.97421875 0.45859375 0.05 0.10703125
2 0.98203125 0.21484375 0.034375 0.04140625
2 0.96875 0.1859375 0.05625 0.0421875
2 0.609375 0.3453125 0.06484375 0.078125
2 0.303125 0.33046875 0.0453125 0.09609375
2 0.3640625 0.3015625 0.04453125 0.06015625
2 0.54296875 0.27734375 0.06015625 0.06171875
2 0.64140625 0.290625 0.0703125 0.06328125
2 0.5796875 0.25703125 0.05078125 0.06015625
5 0.50859375 0.0578125 0.0140625 0.01875
1 0.3625 0.15 0.0390625 0.0578125
3 0.76015625 0.51171875 0.0671875 0.0640625
2 0.27578125 0.24140625 0.04609375 0.05390625
2 0.34140625 0.24453125 0.0375 0.053125
5 0.6875 0.05390625 0.01328125 0.01875
5 0.80546875 0.190625 0.01796875 0.0359375
5 0.82109375 0.05625 0.01328125 0.015625
2 0.3015625 0.26171875 0.03125 0.0390625
2 0.9796875 0.33984375 0.040625 0.0796875
2 0.02734375 0.22578125 0.0546875 0.03359375
2 0.521875 0.221875 0.0453125 0.0609375
5 0.9078125 0.08515625 0.01171875 0.025
2 0.46015625 0.15546875 0.02265625 0.03203125
5 0.2046875 0.10703125 0.01015625 0.0203125
3 0.2328125 0.38359375 0.05703125 0.05078125
4 0.55390625 0.98203125 0.06328125 0.0359375
2 0.42734375 0.15625 0.02421875 0.0296875
5 0.71015625 0.1875 0.01328125 0.03515625
2 0.44609375 0.19765625 0.02265625 0.03046875
5 0.62265625 0.05390625 0.01328125 0.01640625
4 0.24453125 0.35390625 0.0265625 0.04453125
2 0.16796875 0.20625 0.05703125 0.03203125