2 0.2953125 0.61875 0.0796875 0.13828125
1 0.87109375 0.44296875 0.14921875 0.178125
2 0.84765625 0.5453125 0.15625 0.1359375
2 0.72421875 0.39453125 0.08125 0.0875
2 0.396875 0.428125 0.053125 0.10234375
2 0.96796875 0.19140625 0.059375 0.0421875
2 0.30703125 0.4421875 0.05703125 0.0953125
2 0.140625 0.2296875 0.04921875 0.03828125
2 0.67265625 0.3171875 0.0828125 0.08359375
2 0.38828125 0.3359375 0.0421875 0.06640625
2 0.9828125 0.478125 0.03359375 0.05859375
2 0.58671875 0.32265625 0.075 0.07421875
2 0.98125 0.21953125 0.03515625 0.046875
2 0.3046875 0.3328125 0.04609375 0.059375
4 0.87734375 0.27265625 0.01640625 0.04765625
2 0.27265625 0.24765625 0.05 0.0453125
2 0.79296875 0.38359375 0.07421875 0.07265625
3 0.234375 0.3890625 0.06015625 0.04609375
5 0.62265625 0.06484375 0.0125 0.02109375
2 0.97890625 0.31953125 0.0421875 0.1265625
3 0.69453125 0.48828125 0.04453125 0.0703125
5 0.38671875 0.23515625 0.025 0.04609375
1 0.3625 0.1546875 0.03984375 0.05859375
3 0.634375 0.39609375 0.0328125 0.07109375
5 0.90703125 0.0875 0.0125 0.02265625
2 0.45859375 0.24609375 0.03984375 0.0515625
2 0.3640625 0.2890625 0.04140625 0.05703125
2 0.02734375 0.22734375 0.0546875 0.0296875
4 0.95703125 0.396875 0.02578125 0.0546875
5 0.821875 0.065625 0.009375 0.01328125
5 0.68671875 0.0640625 0.01328125 0.0203125
5 0.30390625 0.07734375 0.01015625 0.0171875
2 0.51171875 0.265625 0.05703125 0.07421875
4 0.74609375 0.29921875 0.03125 0.053125
4 0.75 0.19765625 0.0125 0.0359375
2 0.39609375 0.16328125 0.02265625 0.02890625
2 0.63203125 0.321875 0.159375 0.084375