2 0.315625 0.4890625 0.06171875 0.10546875
1 0.41328125 0.684375 0.07890625 0.1703125
2 0.87578125 0.4265625 0.1203125 0.10078125
2 0.7203125 0.3421875 0.09375 0.09765625
1 0.190625 0.86015625 0.16796875 0.275
2 0.96328125 0.48203125 0.0734375 0.1671875
2 0.95703125 0.6046875 0.08515625 0.12578125
2 0.965625 0.190625 0.0578125 0.04140625
2 0.6265625 0.34609375 0.08046875 0.07890625
2 0.98125 0.21953125 0.03515625 0.0453125
2 0.80390625 0.45078125 0.0875 0.0625
2 0.38828125 0.359375 0.04765625 0.08359375
2 0.2921875 0.25390625 0.046875 0.05078125
2 0.3 0.2984375 0.04453125 0.05859375
2 0.2109375 0.23125 0.04921875 0.0421875
2 0.54140625 0.2875 0.059375 0.07265625
3 0.89375 0.61640625 0.07734375 0.07265625
2 0.378125 0.29921875 0.03671875 0.04375
2 0.353125 0.2640625 0.0390625 0.0453125
2 0.3125 0.3609375 0.04453125 0.0796875
2 0.615625 0.29453125 0.06171875 0.05859375
4 0.92421875 0.321875 0.0171875 0.0546875
3 0.23671875 0.3890625 0.05390625 0.04375
3 0.77734375 0.48515625 0.05078125 0.07265625
5 0.821875 0.0609375 0.0125 0.01328125
5 0.62265625 0.06484375 0.0125 0.0203125
2 0.97890625 0.31796875 0.0421875 0.11328125
5 0.30390625 0.07578125 0.01171875 0.01796875
4 0.8953125 0.56796875 0.03515625 0.0578125
5 0.9078125 0.0875 0.0125 0.021875
5 0.4125 0.2609375 0.02265625 0.05234375
1 0.3703125 0.1453125 0.05703125 0.07265625
4 0.23515625 0.359375 0.02578125 0.03515625
2 0.83359375 0.43359375 0.14453125 0.1
4 0.8953125 0.58203125 0.05 0.0859375
2 0.48046875 0.2609375 0.0375 0.0515625
3 0.23828125 0.37109375 0.04609375 0.0578125