2 0.41328125 0.56484375 0.065625 0.13984375
1 0.29453125 0.4734375 0.06640625 0.1484375
2 0.77890625 0.43203125 0.1125 0.0984375
2 0.8515625 0.40234375 0.121875 0.1171875
2 0.715625 0.35 0.08515625 0.08203125
2 0.396875 0.40859375 0.05625 0.08828125
1 0.7921875 0.6765625 0.4125 0.646875
2 0.9671875 0.190625 0.05859375 0.040625
2 0.6078125 0.3296875 0.08359375 0.07734375
2 0.19453125 0.23203125 0.05625 0.0359375
2 0.98125 0.21953125 0.03515625 0.04453125
2 0.315625 0.33125 0.04140625 0.06640625
2 0.365625 0.296875 0.040625 0.06640625
5 0.50859375 0.0640625 0.0140625 0.01796875
2 0.6046875 0.2859375 0.08984375 0.0640625
2 0.9796875 0.3359375 0.040625 0.0921875
2 0.16171875 0.21015625 0.05078125 0.03046875
2 0.51953125 0.29765625 0.06015625 0.0640625
5 0.30390625 0.0765625 0.01015625 0.01796875
5 0.821875 0.0609375 0.0109375 0.01328125
5 0.62265625 0.0640625 0.0125 0.021875
3 0.234375 0.3890625 0.05703125 0.04609375
5 0.9078125 0.0875 0.01171875 0.02265625
2 0.30390625 0.284375 0.0390625 0.0546875
2 0.28671875 0.25 0.0546875 0.0546875
5 0.68671875 0.06171875 0.01328125 0.01953125
4 0.83203125 0.16953125 0.0140625 0.0328125
2 0.478125 0.22265625 0.03359375 0.04453125
2 0.50703125 0.20859375 0.03984375 0.04765625
2 0.565625 0.2484375 0.0515625 0.0546875
1 0.3671875 0.14921875 0.0484375 0.0671875
2 0.42890625 0.15859375 0.0234375 0.0265625
2 0.62265625 0.2765625 0.05859375 0.0546875
1 0.73515625 0.5765625 0.30546875 0.40078125