2 0.7078125 0.35234375 0.10234375 0.08828125
2 0.353125 0.51171875 0.06640625 0.11875
2 0.853125 0.41484375 0.1015625 0.10625
2 0.79765625 0.4359375 0.11171875 0.10546875
2 0.61875 0.35078125 0.08046875 0.0875
2 0.98203125 0.2140625 0.034375 0.03984375
2 0.9671875 0.18515625 0.05390625 0.0421875
1 0.303125 0.31953125 0.04453125 0.08984375
2 0.38203125 0.3546875 0.05 0.07890625
1 0.49296875 0.34453125 0.18125 0.234375
2 0.3625 0.29453125 0.04296875 0.05546875
2 0.55 0.28359375 0.0671875 0.06328125
2 0.5828125 0.25703125 0.05 0.0578125
4 0.62109375 0.9546875 0.08671875 0.08671875
2 0.98828125 0.465625 0.0234375 0.1015625
5 0.5078125 0.0578125 0.0140625 0.01796875
2 0.6484375 0.29140625 0.0703125 0.0671875
2 0.2703125 0.23984375 0.04375 0.05
5 0.33671875 0.240625 0.0359375 0.053125
2 0.0234375 0.22734375 0.046875 0.0328125
5 0.2046875 0.10703125 0.01015625 0.021875
1 0.36328125 0.146875 0.03984375 0.0625
3 0.2328125 0.38515625 0.05859375 0.04921875
2 0.9796875 0.33671875 0.040625 0.08515625
3 0.815625 0.5359375 0.04609375 0.07734375
5 0.803125 0.19375 0.01796875 0.0453125
5 0.90703125 0.0828125 0.0109375 0.0234375
2 0.44765625 0.196875 0.02578125 0.0421875
2 0.42734375 0.15703125 0.0234375 0.028125
2 0.01328125 0.2265625 0.0265625 0.03046875
5 0.6859375 0.053125 0.0140625 0.02109375
2 0.0546875 0.21640625 0.03671875 0.02890625
4 0.24296875 0.3546875 0.02578125 0.03671875
2 0.04296875 0.2203125 0.0609375 0.03359375
2 0.459375 0.15703125 0.021875 0.02890625
5 0.82109375 0.05546875 0.0125 0.015625
2 0.52578125 0.22421875 0.04296875 0.05390625
3 0.79765625 0.51640625 0.07890625 0.10234375