2 0.4140625 0.5734375 0.0671875 0.13828125
2 0.29296875 0.4796875 0.06875 0.1484375
2 0.8484375 0.4 0.11875 0.1140625
2 0.7703125 0.42578125 0.11171875 0.0953125
2 0.3953125 0.41328125 0.05546875 0.090625
2 0.71484375 0.3484375 0.08515625 0.0765625
1 0.79765625 0.6796875 0.40390625 0.6375
2 0.60859375 0.32890625 0.07734375 0.07578125
2 0.9671875 0.190625 0.05859375 0.04140625
2 0.31640625 0.3328125 0.04140625 0.065625
2 0.98125 0.21953125 0.0359375 0.04453125
2 0.36640625 0.296875 0.04296875 0.06875
2 0.19921875 0.2328125 0.05625 0.0375
2 0.16484375 0.20859375 0.05625 0.03359375
2 0.59375 0.29140625 0.078125 0.05625
3 0.23203125 0.38515625 0.059375 0.0515625
5 0.50859375 0.0640625 0.0140625 0.0171875
2 0.97890625 0.3203125 0.0421875 0.10859375
2 0.51796875 0.29765625 0.06015625 0.06328125
5 0.821875 0.0609375 0.0109375 0.01328125
2 0.478125 0.22265625 0.034375 0.04453125
2 0.303125 0.2796875 0.03671875 0.0484375
5 0.62265625 0.0640625 0.0125 0.02109375
5 0.30390625 0.07578125 0.01015625 0.0171875
5 0.9078125 0.0875 0.01171875 0.02265625
2 0.6234375 0.27734375 0.05546875 0.05859375
2 0.50703125 0.2078125 0.03828125 0.04765625
2 0.18203125 0.22421875 0.09375 0.0515625
5 0.68671875 0.06171875 0.01328125 0.01953125
4 0.23515625 0.3578125 0.02734375 0.0375
4 0.8328125 0.1703125 0.01484375 0.03359375
2 0.4296875 0.15859375 0.02265625 0.0265625
2 0.284375 0.25234375 0.04765625 0.053125
2 0.31484375 0.24140625 0.046875 0.0484375