1 0.52890625 0.38203125 0.2203125 0.2875
2 0.740625 0.40546875 0.10625 0.0984375
2 0.81875 0.39765625 0.103125 0.10078125
2 0.68359375 0.33515625 0.09921875 0.078125
2 0.96015625 0.4625 0.0796875 0.1359375
2 0.39140625 0.3828125 0.05390625 0.0875
2 0.9671875 0.18671875 0.05546875 0.040625
2 0.98203125 0.21484375 0.034375 0.0421875
2 0.30625 0.34296875 0.04765625 0.09765625
2 0.36875 0.30859375 0.046875 0.06484375
2 0.2203125 0.228125 0.05625 0.04765625
2 0.27890625 0.24609375 0.03984375 0.04609375
5 0.50859375 0.0578125 0.0140625 0.01875
5 0.6859375 0.0546875 0.0140625 0.0203125
2 0.63671875 0.284375 0.06484375 0.06015625
2 0.53515625 0.271875 0.0625 0.0609375
2 0.57578125 0.25390625 0.04921875 0.05703125
2 0.30390625 0.27109375 0.03359375 0.0453125
2 0.9796875 0.33828125 0.040625 0.08046875
2 0.51875 0.215625 0.046875 0.05703125
3 0.7265625 0.4828125 0.0375 0.06796875
5 0.34453125 0.2484375 0.03515625 0.0546875
1 0.36484375 0.14609375 0.0421875 0.0625
2 0.23046875 0.38359375 0.0578125 0.0484375
5 0.9078125 0.08515625 0.0109375 0.0234375
5 0.6234375 0.0546875 0.01328125 0.01796875
2 0.97734375 0.203125 0.0421875 0.05625
2 0.18125 0.203125 0.05625 0.03046875
2 0.42734375 0.15625 0.0234375 0.03046875
2 0.303125 0.225 0.03828125 0.03671875
5 0.82109375 0.05703125 0.01328125 0.01484375
2 0.459375 0.15546875 0.02265625 0.03125
4 0.734375 0.30078125 0.02109375 0.06640625
2 0.290625 0.2546875 0.059375 0.06015625
4 0.24453125 0.35390625 0.025 0.0421875