2 0.27578125 0.709375 0.096875 0.17421875
2 0.7875 0.5109375 0.13984375 0.125
2 0.29921875 0.48046875 0.06328125 0.109375
2 0.6953125 0.37578125 0.07734375 0.08203125
2 0.175 0.2328125 0.05625 0.04140625
2 0.9578125 0.45 0.0828125 0.084375
2 0.3984375 0.465625 0.05390625 0.11171875
2 0.9671875 0.1875 0.059375 0.04140625
2 0.39609375 0.35703125 0.04609375 0.0734375
2 0.6609375 0.30859375 0.0796875 0.08046875
2 0.98125 0.21875 0.034375 0.0453125
2 0.9828125 0.51015625 0.03359375 0.07109375
2 0.36953125 0.29765625 0.03984375 0.0546875
4 0.8640625 0.25390625 0.01640625 0.04609375
5 0.30390625 0.0765625 0.0109375 0.01796875
2 0.97890625 0.31875 0.0421875 0.12421875
2 0.44921875 0.23515625 0.03671875 0.0515625
2 0.9765625 0.20078125 0.0453125 0.05703125
2 0.571875 0.31328125 0.065625 0.06640625
5 0.621875 0.06484375 0.0125 0.02109375
3 0.646875 0.4375 0.03828125 0.0796875
5 0.821875 0.0609375 0.01171875 0.01328125
2 0.4859375 0.32421875 0.03359375 0.0671875
2 0.30390625 0.35 0.04609375 0.08359375
2 0.58359375 0.28203125 0.0546875 0.0609375
2 0.2921875 0.2203125 0.05234375 0.04609375
2 0.49921875 0.26484375 0.05859375 0.06015625
5 0.90703125 0.08671875 0.0125 0.02265625
2 0.29765625 0.253125 0.05 0.046875
3 0.23359375 0.38828125 0.05390625 0.04765625
2 0.253125 0.19609375 0.04921875 0.03828125
4 0.92578125 0.38046875 0.02421875 0.06328125
2 0.55625 0.24453125 0.046875 0.05
4 0.23828125 0.35703125 0.03046875 0.0359375
1 0.36328125 0.15390625 0.03984375 0.06015625
5 0.37421875 0.225 0.02578125 0.05078125
4 0.60625 0.16875 0.0125 0.03046875
2 0.39765625 0.1625 0.028125 0.03359375
3 0.5828125 0.35859375 0.03515625 0.07265625