2 0.7859375 0.3796875 0.09921875 0.096875
2 0.9375 0.43046875 0.125 0.10390625
2 0.3640625 0.6953125 0.0828125 0.1859375
1 0.596875 0.43984375 0.29921875 0.34609375
2 0.959375 0.534375 0.08046875 0.1234375
2 0.39921875 0.41484375 0.06015625 0.096875
1 0.3046875 0.36875 0.04921875 0.10703125
2 0.96796875 0.18671875 0.05625 0.03984375
2 0.98203125 0.21484375 0.03359375 0.04140625
2 0.68984375 0.375 0.08203125 0.071875
2 0.37734375 0.3328125 0.04765625 0.06953125
2 0.35078125 0.2625 0.03515625 0.0578125
2 0.65390625 0.325 0.0890625 0.08359375
5 0.50859375 0.05703125 0.0140625 0.01875
2 0.30859375 0.2859375 0.03515625 0.0578125
2 0.5734375 0.253125 0.04765625 0.05859375
5 0.68671875 0.05625 0.01328125 0.01796875
2 0.4890625 0.23671875 0.03671875 0.053125
1 0.36796875 0.14609375 0.05 0.06328125
2 0.2546875 0.23046875 0.0484375 0.05
2 0.9796875 0.3375 0.040625 0.0890625
2 0.31875 0.23671875 0.0421875 0.04453125
3 0.23125 0.38515625 0.05390625 0.0484375
2 0.978125 0.20390625 0.04296875 0.0546875
2 0.28828125 0.25625 0.034375 0.05078125
4 0.24453125 0.353125 0.025 0.04296875
5 0.62265625 0.05625 0.01484375 0.01875
2 0.51796875 0.21015625 0.03984375 0.04296875
2 0.4609375 0.15234375 0.021875 0.0265625
2 0.10546875 0.21484375 0.0671875 0.0375
5 0.821875 0.0578125 0.0125 0.0140625
5 0.9078125 0.084375 0.0109375 0.02265625
2 0.42734375 0.15625 0.025 0.03125
5 0.69296875 0.146875 0.01015625 0.02578125