2 0.21953125 0.79375 0.1390625 0.2859375
1 0.4140625 0.62734375 0.075 0.14921875
2 0.31953125 0.4609375 0.05703125 0.10078125
2 0.7375 0.35078125 0.09765625 0.09375
2 0.89921875 0.434375 0.12265625 0.10390625
2 0.3984375 0.93828125 0.1234375 0.12265625
2 0.965625 0.190625 0.0578125 0.040625
2 0.63828125 0.35390625 0.0859375 0.07890625
2 0.19765625 0.23515625 0.05625 0.04140625
2 0.98125 0.21875 0.03515625 0.0453125
2 0.83359375 0.4515625 0.09296875 0.10234375
2 0.30078125 0.290625 0.0421875 0.05859375
2 0.38515625 0.34921875 0.04765625 0.084375
3 0.96328125 0.65390625 0.0703125 0.0734375
2 0.2859375 0.25 0.04453125 0.0484375
2 0.31171875 0.34921875 0.04453125 0.0734375
2 0.54921875 0.28515625 0.065625 0.09296875
2 0.97890625 0.31953125 0.04140625 0.11015625
5 0.30390625 0.0765625 0.0109375 0.01875
5 0.821875 0.0609375 0.0125 0.0140625
2 0.3484375 0.2609375 0.040625 0.04609375
5 0.62265625 0.06484375 0.0125 0.01953125
2 0.48359375 0.26640625 0.04609375 0.053125
2 0.6265625 0.3 0.065625 0.0625
4 0.94453125 0.34375 0.0234375 0.0625
1 0.365625 0.15 0.04453125 0.065625
3 0.234375 0.3890625 0.0515625 0.04453125
5 0.90703125 0.08671875 0.0125 0.02109375
3 0.81875 0.49453125 0.0609375 0.0984375
4 0.74296875 0.22109375 0.0125 0.03828125
1 0.06640625 0.209375 0.09609375 0.05234375
2 0.98359375 0.47890625 0.0328125 0.14140625
5 0.68671875 0.06640625 0.0140625 0.02734375
5 0.68671875 0.05859375 0.0125 0.015625
2 0.5875 0.259375 0.053125 0.05