2 0.83515625 0.53984375 0.1515625 0.13828125
2 0.29296875 0.63125 0.08125 0.14453125
2 0.8625 0.43828125 0.14609375 0.1734375
1 0.303125 0.4453125 0.0546875 0.09921875
2 0.71875 0.3921875 0.08046875 0.0859375
2 0.146875 0.23359375 0.0546875 0.03984375
2 0.3984375 0.43359375 0.05078125 0.10703125
2 0.96796875 0.190625 0.05859375 0.0421875
2 0.671875 0.315625 0.08125 0.0796875
2 0.584375 0.32109375 0.071875 0.07265625
2 0.97890625 0.4671875 0.04140625 0.07734375
2 0.38984375 0.3390625 0.04140625 0.06484375
2 0.98125 0.21953125 0.0359375 0.04609375
4 0.875 0.26796875 0.015625 0.0515625
2 0.784375 0.38125 0.06875 0.06796875
2 0.97890625 0.31875 0.0421875 0.12578125
5 0.62265625 0.06484375 0.01328125 0.02109375
2 0.68515625 0.48203125 0.0421875 0.071875
2 0.27890625 0.2484375 0.046875 0.04609375
5 0.38515625 0.2328125 0.025 0.0484375
3 0.23359375 0.3875 0.05859375 0.0484375
2 0.36796875 0.29140625 0.040625 0.053125
2 0.303125 0.3375 0.04453125 0.06953125
2 0.5078125 0.2734375 0.05234375 0.053125
2 0.03046875 0.2265625 0.0609375 0.03125
4 0.953125 0.40234375 0.02890625 0.0734375
1 0.3625 0.1546875 0.03984375 0.059375
2 0.625 0.3875 0.03515625 0.075
5 0.821875 0.065625 0.0109375 0.01328125
5 0.30390625 0.07734375 0.01015625 0.0171875
2 0.3953125 0.16328125 0.021875 0.02890625
5 0.90703125 0.08828125 0.0125 0.0234375
2 0.5140625 0.246875 0.053125 0.05546875
2 0.45390625 0.240625 0.04140625 0.06015625
2 0.90703125 0.16171875 0.05546875 0.03515625
5 0.68671875 0.06328125 0.01328125 0.0203125
4 0.746875 0.2984375 0.03125 0.05390625
2 0.58828125 0.2828125 0.059375 0.0625
2 0.45703125 0.15859375 0.0234375 0.02890625
4 0.23671875 0.35703125 0.0265625 0.03671875