1 0.4140625 0.6609375 0.07890625 0.1609375
2 0.31640625 0.47890625 0.06015625 0.10390625
2 0.728125 0.34609375 0.09453125 0.09140625
2 0.8828125 0.43046875 0.121875 0.09921875
2 0.2015625 0.84609375 0.1515625 0.30703125
2 0.9703125 0.48125 0.059375 0.1515625
2 0.63203125 0.3484375 0.084375 0.08359375
2 0.965625 0.190625 0.0578125 0.04140625
2 0.20703125 0.23671875 0.05390625 0.03828125
2 0.98125 0.21953125 0.03515625 0.0453125
2 0.31171875 0.3546875 0.04375 0.07265625
2 0.54453125 0.28203125 0.0640625 0.09140625
2 0.8140625 0.44140625 0.09609375 0.09765625
2 0.3875 0.35625 0.04765625 0.0828125
2 0.29921875 0.29453125 0.04140625 0.0578125
2 0.61953125 0.2921875 0.06015625 0.0546875
2 0.9703125 0.60703125 0.05703125 0.11953125
2 0.290625 0.253125 0.0484375 0.05
3 0.93671875 0.62421875 0.1015625 0.1109375
3 0.7921875 0.4859375 0.05390625 0.0875
2 0.34921875 0.26328125 0.03984375 0.0484375
3 0.23671875 0.3890625 0.05625 0.04375
4 0.93046875 0.32734375 0.01953125 0.0546875
5 0.821875 0.0609375 0.0125 0.01328125
2 0.3765625 0.296875 0.0359375 0.04375
2 0.48125 0.2625 0.04375 0.053125
5 0.30390625 0.0765625 0.0109375 0.01875
5 0.62265625 0.0640625 0.0125 0.01953125
4 0.23359375 0.35859375 0.02421875 0.0359375
5 0.90703125 0.0875 0.0125 0.02265625
2 0.5828125 0.25859375 0.05 0.05390625
5 0.41484375 0.265625 0.0234375 0.05078125
1 0.3671875 0.14765625 0.05 0.06796875
5 0.68671875 0.06328125 0.01328125 0.02265625
4 0.74296875 0.2171875 0.01171875 0.03671875