2 0.73515625 0.48046875 0.1296875 0.11875
2 0.28671875 0.53046875 0.071875 0.1125
2 0.396875 0.50703125 0.05859375 0.12734375
2 0.2515625 0.8453125 0.115625 0.23359375
2 0.66953125 0.36328125 0.07109375 0.0765625
2 0.95390625 0.5 0.08984375 0.09296875
2 0.9671875 0.6078125 0.06328125 0.1203125
2 0.9671875 0.1875 0.059375 0.0421875
2 0.93125 0.4265625 0.121875 0.08359375
2 0.20703125 0.2359375 0.05234375 0.040625
2 0.40078125 0.38828125 0.0453125 0.08125
2 0.4828125 0.25625 0.0453125 0.04921875
2 0.98125 0.21875 0.03515625 0.04609375
2 0.3015625 0.384375 0.0515625 0.0890625
4 0.68515625 0.8125 0.03828125 0.13125
2 0.978125 0.315625 0.04296875 0.12265625
2 0.5515625 0.303125 0.0625 0.0671875
1 0.30859375 0.28515625 0.04296875 0.09609375
2 0.64453125 0.2984375 0.07421875 0.06953125
2 0.37421875 0.31171875 0.0453125 0.06171875
5 0.30390625 0.07578125 0.01171875 0.01875
2 0.33515625 0.2359375 0.040625 0.05703125
4 0.84765625 0.2328125 0.0140625 0.04375
3 0.2265625 0.38984375 0.04296875 0.0484375
1 0.36328125 0.153125 0.0421875 0.06015625
4 0.9 0.36171875 0.025 0.0484375
3 0.61171875 0.40546875 0.03359375 0.0765625
5 0.621875 0.06484375 0.01328125 0.02109375
2 0.5796875 0.275 0.04921875 0.05859375
5 0.821875 0.06484375 0.009375 0.0140625
2 0.43984375 0.21953125 0.03203125 0.053125
5 0.35703125 0.2140625 0.021875 0.040625
4 0.2390625 0.35703125 0.0296875 0.03671875
4 0.27421875 0.215625 0.01484375 0.03515625
2 0.5015625 0.3421875 0.0421875 0.0734375
2 0.49921875 0.23046875 0.04765625 0.05234375