2 0.26015625 0.63046875 0.10625 0.20703125
1 0.4109375 0.78671875 0.09375 0.21484375
2 0.41171875 0.521875 0.06484375 0.11875
2 0.7796875 0.36796875 0.10859375 0.1
2 0.6734375 0.3703125 0.09296875 0.08828125
2 0.96640625 0.18984375 0.06015625 0.03984375
2 0.14453125 0.23203125 0.05625 0.040625
2 0.57265625 0.30859375 0.0671875 0.06796875
2 0.32421875 0.3984375 0.04765625 0.084375
2 0.26015625 0.23828125 0.04765625 0.04609375
2 0.98203125 0.21796875 0.034375 0.0453125
2 0.31015625 0.31640625 0.03828125 0.06015625
2 0.9359375 0.45546875 0.128125 0.1109375
2 0.37890625 0.328125 0.0453125 0.08046875
2 0.93125 0.77734375 0.1375 0.44453125
2 0.49609375 0.278125 0.0515625 0.05859375
2 0.60390625 0.26875 0.0578125 0.05703125
2 0.97890625 0.315625 0.04140625 0.1015625
2 0.203125 0.2046875 0.05625 0.03359375
5 0.6234375 0.06328125 0.01171875 0.02109375
3 0.23203125 0.3890625 0.04921875 0.0453125
5 0.30546875 0.07578125 0.0125 0.01796875
5 0.821875 0.06015625 0.0125 0.0140625
2 0.91875 0.48203125 0.11171875 0.0890625
2 0.29765625 0.271875 0.040625 0.0578125
2 0.66015625 0.315625 0.0703125 0.0625
5 0.43828125 0.28359375 0.03125 0.05234375
4 0.2328125 0.359375 0.02578125 0.03671875
4 0.9265625 0.5359375 0.06328125 0.090625
2 0.3375 0.2484375 0.0390625 0.04609375
5 0.9078125 0.08671875 0.01171875 0.02265625
1 0.36875 0.146875 0.05234375 0.07109375
5 0.68671875 0.0578125 0.0125 0.015625
2 0.36796875 0.27734375 0.03515625 0.04140625
3 0.23515625 0.36875 0.04140625 0.05859375
4 0.7390625 0.23046875 0.01328125 0.03984375