2 0.8671875 0.42109375 0.11484375 0.10078125
2 0.31484375 0.496875 0.06328125 0.11171875
1 0.415625 0.6984375 0.08359375 0.1953125
2 0.715625 0.33984375 0.0921875 0.09765625
2 0.96640625 0.190625 0.0578125 0.04140625
1 0.95703125 0.4890625 0.0859375 0.20234375
2 0.625 0.346875 0.08515625 0.07890625
2 0.9515625 0.6078125 0.09453125 0.1453125
2 0.79296875 0.43125 0.09140625 0.09296875
2 0.29296875 0.25546875 0.04453125 0.04921875
1 0.1828125 0.87109375 0.1703125 0.25
2 0.98125 0.21875 0.03515625 0.0453125
2 0.31171875 0.3671875 0.0453125 0.07734375
3 0.87265625 0.60859375 0.0765625 0.07734375
2 0.38984375 0.365625 0.04765625 0.084375
2 0.30234375 0.29921875 0.04296875 0.05703125
4 0.91953125 0.31796875 0.02265625 0.0625
3 0.2359375 0.3875 0.05703125 0.04609375
2 0.53828125 0.284375 0.0578125 0.07265625
2 0.21796875 0.23828125 0.05078125 0.0359375
2 0.6140625 0.29453125 0.0640625 0.06484375
5 0.41171875 0.259375 0.02421875 0.05703125
2 0.378125 0.30390625 0.0359375 0.04140625
5 0.30390625 0.07578125 0.0109375 0.01875
5 0.821875 0.0609375 0.0125 0.01328125
2 0.97890625 0.33359375 0.04140625 0.09609375
3 0.76640625 0.46796875 0.05078125 0.07421875
5 0.621875 0.06484375 0.0125 0.02109375
2 0.35546875 0.26640625 0.03671875 0.04765625
5 0.90703125 0.0875 0.0125 0.021875
2 0.478125 0.259375 0.03984375 0.053125
4 0.74375 0.2140625 0.0125 0.0359375
5 0.68671875 0.06328125 0.01328125 0.021875
1 0.37109375 0.1453125 0.05546875 0.071875