2 0.80625 0.39140625 0.1 0.103125
1 0.35859375 0.6171875 0.078125 0.15546875
2 0.721875 0.3953125 0.09140625 0.0953125
2 0.95234375 0.45859375 0.0953125 0.13671875
2 0.39375 0.39140625 0.05859375 0.090625
2 0.67421875 0.33125 0.0921875 0.075
2 0.98203125 0.2140625 0.034375 0.04296875
2 0.96796875 0.18671875 0.05625 0.04140625
1 0.5515625 0.396875 0.23984375 0.31640625
2 0.37109375 0.31328125 0.0484375 0.06328125
2 0.3046875 0.3484375 0.046875 0.103125
5 0.23125 0.2296875 0.053125 0.04921875
5 0.50859375 0.0578125 0.01328125 0.01796875
2 0.53046875 0.265625 0.05859375 0.0609375
5 0.6859375 0.05390625 0.0140625 0.02109375
2 0.57578125 0.25234375 0.04921875 0.059375
2 0.63125 0.284375 0.06953125 0.0625
2 0.34765625 0.25703125 0.034375 0.0578125
2 0.30546875 0.275 0.0328125 0.04453125
2 0.2296875 0.38515625 0.0546875 0.05078125
5 0.9078125 0.084375 0.0109375 0.02421875
2 0.9796875 0.33828125 0.040625 0.0828125
2 0.29140625 0.2453125 0.05390625 0.05625
1 0.36484375 0.146875 0.04296875 0.06015625
5 0.82109375 0.05625 0.01328125 0.01484375
0 0.696875 0.46875 0.03671875 0.0578125
4 0.24375 0.3546875 0.025 0.04375
5 0.62265625 0.05546875 0.01328125 0.01796875
4 0.73125 0.30234375 0.021875 0.0765625
2 0.42734375 0.15546875 0.025 0.03203125
2 0.18515625 0.20234375 0.05078125 0.03046875
2 0.51875 0.21484375 0.046875 0.05
2 0.30703125 0.228125 0.04453125 0.03828125
2 0.69765625 0.3546875 0.13671875 0.13671875
2 0.4609375 0.15234375 0.021875 0.028125