2 0.26484375 0.7625 0.1046875 0.19453125
2 0.81484375 0.4125 0.1359375 0.1609375
2 0.7640625 0.49609375 0.13203125 0.1234375
2 0.2953125 0.503125 0.0671875 0.11640625
2 0.39765625 0.48359375 0.05546875 0.1171875
2 0.96796875 0.50625 0.06328125 0.09921875
2 0.9671875 0.1875 0.06015625 0.0421875
2 0.946875 0.43828125 0.103125 0.07734375
2 0.19296875 0.2328125 0.05625 0.0375
2 0.39453125 0.36796875 0.04453125 0.06640625
2 0.6859375 0.375 0.07421875 0.07734375
2 0.98125 0.21953125 0.03515625 0.0453125
2 0.30625 0.36796875 0.04765625 0.0828125
2 0.3703125 0.303125 0.04140625 0.06015625
2 0.97890625 0.3171875 0.0421875 0.1234375
4 0.85625 0.2453125 0.01484375 0.04765625
2 0.6578125 0.3078125 0.07890625 0.0828125
2 0.4890625 0.26171875 0.05078125 0.0546875
2 0.97578125 0.2 0.04609375 0.0578125
3 0.234375 0.38828125 0.0578125 0.046875
5 0.365625 0.21953125 0.02421875 0.04375
2 0.56484375 0.3109375 0.06484375 0.0671875
5 0.303125 0.07578125 0.0109375 0.01875
3 0.62890625 0.43046875 0.0359375 0.06953125
5 0.621875 0.06484375 0.01328125 0.02109375
1 0.303125 0.27734375 0.04453125 0.0890625
1 0.44375 0.215625 0.0375 0.0671875
1 0.36328125 0.15234375 0.0421875 0.0609375
2 0.58125 0.2796875 0.0515625 0.05703125
5 0.821875 0.0609375 0.0109375 0.0125
1 0.059375 0.2578125 0.11875 0.096875
5 0.9078125 0.08671875 0.0125 0.021875
2 0.99140625 0.61640625 0.0171875 0.1046875
2 0.44375 0.13125 0.01875 0.02265625
2 0.25703125 0.19296875 0.046875 0.0359375