2 0.4125 0.5921875 0.0734375 0.14375
2 0.23203125 0.73828125 0.13125 0.2640625
2 0.3984375 0.90390625 0.1203125 0.1921875
2 0.32109375 0.44296875 0.0546875 0.0953125
2 0.9171875 0.440625 0.11796875 0.10703125
2 0.75078125 0.35546875 0.09453125 0.09765625
2 0.646875 0.3578125 0.08828125 0.0796875
2 0.1828125 0.2296875 0.0578125 0.0390625
2 0.965625 0.18984375 0.0578125 0.040625
2 0.85546875 0.46171875 0.10234375 0.10859375
2 0.38203125 0.3453125 0.04609375 0.08203125
2 0.98125 0.21875 0.03515625 0.0453125
2 0.55859375 0.29921875 0.065625 0.07421875
2 0.275 0.246875 0.0421875 0.04296875
2 0.63359375 0.30234375 0.0640625 0.059375
2 0.48515625 0.26953125 0.04609375 0.05234375
3 0.846875 0.51171875 0.05859375 0.0921875
3 0.97265625 0.328125 0.053125 0.11953125
5 0.30390625 0.0765625 0.0109375 0.01875
2 0.3109375 0.3390625 0.03984375 0.0671875
2 0.21484375 0.20234375 0.05 0.03203125
3 0.23515625 0.38828125 0.05703125 0.04609375
5 0.821875 0.0609375 0.0125 0.01328125
1 0.3671875 0.14765625 0.04765625 0.0703125
5 0.621875 0.06484375 0.0125 0.0203125
2 0.34609375 0.259375 0.03828125 0.046875
2 0.3 0.28671875 0.03984375 0.05703125
2 0.5921875 0.2625 0.05390625 0.05703125
2 0.465625 0.2078125 0.02890625 0.04140625
4 0.7171875 0.19140625 0.0125 0.0328125
5 0.68671875 0.05859375 0.0125 0.0171875
4 0.74140625 0.22421875 0.01328125 0.040625
5 0.90703125 0.08671875 0.0125 0.02109375
5 0.68671875 0.06796875 0.0140625 0.03125