2 0.71015625 0.353125 0.10234375 0.08671875
1 0.49140625 0.34296875 0.18046875 0.23984375
2 0.3515625 0.50703125 0.0640625 0.11640625
2 0.8546875 0.41328125 0.10625 0.1078125
2 0.61875 0.3515625 0.0859375 0.08828125
2 0.8 0.43828125 0.11640625 0.10390625
2 0.98203125 0.2140625 0.034375 0.04140625
2 0.9671875 0.18515625 0.05390625 0.0421875
1 0.303125 0.31875 0.04453125 0.08984375
2 0.38046875 0.353125 0.05 0.07890625
2 0.5515625 0.28515625 0.06484375 0.065625
4 0.63125 0.953125 0.08515625 0.09296875
2 0.64765625 0.29140625 0.0703125 0.06796875
2 0.3625 0.29296875 0.04296875 0.05546875
2 0.26953125 0.23984375 0.04296875 0.0484375
2 0.58203125 0.25703125 0.04921875 0.05703125
5 0.5078125 0.0578125 0.01484375 0.01796875
2 0.02265625 0.22890625 0.0421875 0.03515625
2 0.9890625 0.47109375 0.021875 0.0921875
3 0.821875 0.53984375 0.0484375 0.078125
5 0.3359375 0.23984375 0.0359375 0.053125
1 0.36328125 0.146875 0.040625 0.0625
2 0.97890625 0.31484375 0.04140625 0.11875
5 0.2046875 0.10703125 0.01015625 0.021875
2 0.44765625 0.19765625 0.02578125 0.0421875
3 0.23359375 0.38515625 0.05859375 0.04921875
5 0.90703125 0.08359375 0.01171875 0.02421875
5 0.6875 0.05390625 0.01328125 0.01953125
2 0.0359375 0.2203125 0.0703125 0.03515625
3 0.63046875 0.97734375 0.08671875 0.0453125
5 0.82109375 0.05625 0.0125 0.01484375
2 0.42734375 0.15703125 0.0234375 0.028125
2 0.803125 0.5171875 0.0796875 0.109375
5 0.803125 0.19453125 0.01875 0.0453125
4 0.24296875 0.35546875 0.0265625 0.03671875
2 0.5265625 0.22578125 0.0421875 0.05390625
2 0.05234375 0.21484375 0.0390625 0.03046875
2 0.459375 0.15703125 0.02109375 0.0296875
2 0.30078125 0.25625 0.03125 0.0390625