2 0.29453125 0.621875 0.08046875 0.13671875
2 0.8421875 0.54375 0.153125 0.13515625
2 0.96796875 0.19140625 0.059375 0.0421875
2 0.39765625 0.43125 0.05078125 0.10390625
2 0.72265625 0.39296875 0.0796875 0.08828125
2 0.14375 0.2296875 0.05078125 0.03828125
2 0.30390625 0.44375 0.05625 0.09609375
2 0.67265625 0.31640625 0.0828125 0.084375
2 0.5859375 0.3234375 0.07421875 0.07265625
2 0.3890625 0.33671875 0.04375 0.065625
2 0.98203125 0.4703125 0.03515625 0.071875
2 0.98125 0.21953125 0.03515625 0.04609375
3 0.6921875 0.48828125 0.0453125 0.071875
2 0.27109375 0.24765625 0.05078125 0.046875
4 0.8765625 0.271875 0.01640625 0.05
2 0.79140625 0.3828125 0.07265625 0.07265625
5 0.62265625 0.065625 0.0125 0.02109375
5 0.3859375 0.23359375 0.025 0.04765625
2 0.978125 0.3171875 0.04375 0.128125
2 0.028125 0.228125 0.05625 0.0328125
2 0.30390625 0.33203125 0.04609375 0.0640625
3 0.234375 0.3875 0.059375 0.0484375
2 0.3671875 0.28984375 0.03984375 0.05625
2 0.4578125 0.24453125 0.040625 0.0515625
2 0.509375 0.27578125 0.0515625 0.0515625
5 0.90703125 0.08828125 0.0125 0.02265625
5 0.821875 0.065625 0.0109375 0.01328125
1 0.3625 0.1546875 0.03984375 0.05859375
3 0.63125 0.39375 0.03359375 0.071875
5 0.30390625 0.07734375 0.01015625 0.0171875
4 0.9578125 0.39140625 0.0234375 0.0484375
5 0.68671875 0.06328125 0.01328125 0.01953125
2 0.51484375 0.24765625 0.0515625 0.0515625
2 0.39609375 0.16328125 0.02265625 0.02890625
4 0.746875 0.2984375 0.03125 0.05703125
2 0.590625 0.28515625 0.05859375 0.0640625
2 0.30234375 0.290625 0.04296875 0.07734375
2 0.6328125 0.321875 0.159375 0.08515625
2 0.45625 0.15859375 0.02265625 0.0296875