2 0.778125 0.50625 0.1484375 0.12578125
2 0.271875 0.72578125 0.09921875 0.18359375
1 0.29453125 0.4890625 0.06640625 0.11171875
2 0.8265625 0.41953125 0.1375 0.165625
2 0.97734375 0.509375 0.04453125 0.09296875
2 0.9546875 0.44453125 0.090625 0.0765625
2 0.1828125 0.23046875 0.05546875 0.0359375
2 0.3984375 0.46953125 0.0546875 0.1171875
2 0.96484375 0.18984375 0.06015625 0.04140625
2 0.6890625 0.37265625 0.075 0.08203125
2 0.396875 0.359375 0.04375 0.07265625
2 0.98203125 0.21953125 0.03515625 0.04453125
2 0.30546875 0.36015625 0.0453125 0.07421875
4 0.86015625 0.25 0.01484375 0.04453125
2 0.6578125 0.30703125 0.07578125 0.07890625
2 0.97890625 0.315625 0.0421875 0.1171875
2 0.49296875 0.265625 0.05234375 0.05546875
2 0.44609375 0.2265625 0.034375 0.05546875
2 0.36953125 0.3 0.04140625 0.0578125
5 0.303125 0.0765625 0.01015625 0.0171875
5 0.621875 0.06484375 0.0125 0.02109375
2 0.9765625 0.20234375 0.0453125 0.06015625
5 0.821875 0.0609375 0.01171875 0.01328125
2 0.56875 0.31015625 0.06640625 0.06640625
3 0.6390625 0.4296875 0.03671875 0.07890625
3 0.2234375 0.38828125 0.03046875 0.03828125
2 0.30703125 0.29296875 0.0375 0.05390625
2 0.48828125 0.3265625 0.03515625 0.0640625
3 0.23359375 0.38984375 0.0515625 0.0453125
2 0.58203125 0.2796875 0.05546875 0.06015625
2 0.39609375 0.16171875 0.0234375 0.02890625
5 0.90703125 0.08671875 0.0125 0.021875
4 0.92109375 0.38046875 0.0296875 0.06484375
4 0.746875 0.2984375 0.03359375 0.0625
5 0.36953125 0.22421875 0.02578125 0.04921875
2 0.67421875 0.34296875 0.1046875 0.1375
1 0.3625 0.15390625 0.0390625 0.059375