2 0.415625 0.66015625 0.07890625 0.1640625
2 0.2796875 0.5375 0.08671875 0.1734375
2 0.8125 0.38359375 0.1109375 0.1109375
1 0.84921875 0.71796875 0.2953125 0.5640625
2 0.71171875 0.39375 0.1015625 0.0953125
2 0.40546875 0.45703125 0.06015625 0.10078125
2 0.96640625 0.190625 0.059375 0.04140625
2 0.68671875 0.33046875 0.071875 0.0625
2 0.5890625 0.31796875 0.07421875 0.07109375
2 0.2296875 0.234375 0.053125 0.0375
2 0.965625 0.46015625 0.06328125 0.07109375
2 0.98203125 0.21875 0.03515625 0.04375
2 0.30703125 0.3046875 0.03828125 0.04765625
2 0.32109375 0.3578125 0.04296875 0.07421875
2 0.96640625 0.49609375 0.06484375 0.1453125
2 0.1828125 0.20859375 0.05703125 0.03359375
2 0.9796875 0.315625 0.040625 0.1359375
3 0.23515625 0.38828125 0.05859375 0.046875
2 0.5515625 0.240625 0.0453125 0.04453125
5 0.50859375 0.06015625 0.0140625 0.015625
2 0.61484375 0.27734375 0.05703125 0.05703125
5 0.821875 0.0609375 0.01171875 0.01328125
2 0.36953125 0.309375 0.05 0.06875
2 0.29140625 0.2546875 0.03828125 0.04296875
5 0.6234375 0.06171875 0.01328125 0.01796875
2 0.47265625 0.21953125 0.03671875 0.046875
5 0.3046875 0.0765625 0.0109375 0.01796875
2 0.325 0.24296875 0.04140625 0.03984375
2 0.509375 0.290625 0.04609375 0.053125
2 0.58125 0.28203125 0.071875 0.059375
4 0.23671875 0.35703125 0.03046875 0.0375
5 0.68671875 0.06171875 0.01328125 0.01953125
5 0.9078125 0.0859375 0.01171875 0.0203125
3 0.2375 0.37109375 0.05078125 0.0640625
1 0.36796875 0.14765625 0.05 0.06875