2 0.8265625 0.5296875 0.15234375 0.14375
2 0.290625 0.63984375 0.08125 0.1484375
1 0.86015625 0.43359375 0.14765625 0.16875
2 0.9671875 0.18828125 0.059375 0.040625
2 0.715625 0.3875 0.08125 0.08515625
2 0.39765625 0.43671875 0.05 0.10546875
2 0.30546875 0.45234375 0.0578125 0.10234375
2 0.146875 0.2328125 0.053125 0.04140625
2 0.66875 0.31484375 0.08046875 0.08046875
2 0.97421875 0.46484375 0.04921875 0.08125
2 0.58203125 0.31953125 0.06796875 0.07265625
2 0.38828125 0.3421875 0.04296875 0.0609375
2 0.98125 0.21953125 0.03515625 0.046875
4 0.67890625 0.934375 0.04453125 0.13125
2 0.39453125 0.953125 0.1203125 0.09375
2 0.278125 0.2484375 0.0484375 0.0453125
2 0.978125 0.315625 0.04375 0.121875
2 0.5046875 0.27109375 0.0546875 0.05390625
2 0.7796875 0.3796875 0.0609375 0.06875
2 0.3671875 0.29140625 0.040625 0.053125
5 0.62265625 0.06484375 0.01328125 0.02109375
2 0.30390625 0.3359375 0.04375 0.078125
1 0.3625 0.1546875 0.03828125 0.05859375
4 0.87421875 0.26640625 0.01640625 0.05078125
3 0.234375 0.3875 0.059375 0.04765625
2 0.4765625 0.31171875 0.034375 0.0671875
5 0.38359375 0.23125 0.0265625 0.04921875
2 0.678125 0.47734375 0.0421875 0.0703125
2 0.39609375 0.16328125 0.021875 0.028125
2 0.453125 0.23984375 0.040625 0.0578125
4 0.94765625 0.3859375 0.0265625 0.04921875
5 0.30390625 0.07734375 0.0109375 0.01796875
2 0.621875 0.38203125 0.034375 0.0640625
5 0.821875 0.06484375 0.0109375 0.0140625
2 0.0328125 0.228125 0.06484375 0.03359375
2 0.90546875 0.16171875 0.05703125 0.0359375
5 0.90703125 0.0875 0.0125 0.02265625
4 0.2375 0.35703125 0.028125 0.03515625
2 0.51171875 0.24609375 0.0546875 0.05625
2 0.58671875 0.28203125 0.0578125 0.0609375
5 0.6859375 0.06328125 0.01328125 0.0203125
2 0.478125 0.2140625 0.03046875 0.0453125
3 0.2390625 0.36953125 0.04609375 0.06015625
4 0.9484375 0.4078125 0.03515625 0.06796875