2 0.809375 0.3921875 0.103125 0.1046875
1 0.3578125 0.60703125 0.07421875 0.153125
2 0.728125 0.3984375 0.09921875 0.09609375
1 0.5421875 0.39375 0.2328125 0.3109375
2 0.95390625 0.46171875 0.08984375 0.13515625
2 0.67734375 0.33359375 0.09453125 0.0765625
2 0.39296875 0.3890625 0.05703125 0.08828125
2 0.98203125 0.2140625 0.034375 0.0421875
2 0.96796875 0.18671875 0.05625 0.04140625
2 0.30546875 0.34765625 0.04609375 0.09921875
2 0.3703125 0.3125 0.0484375 0.0640625
5 0.50859375 0.0578125 0.0140625 0.01796875
2 0.53671875 0.26796875 0.053125 0.0578125
2 0.57578125 0.253125 0.05 0.05703125
5 0.6859375 0.0546875 0.01484375 0.0203125
2 0.346875 0.25546875 0.0359375 0.06015625
2 0.634375 0.28203125 0.06015625 0.05546875
2 0.2796875 0.24765625 0.03828125 0.0484375
1 0.3640625 0.146875 0.0421875 0.06015625
2 0.3046875 0.271875 0.03125 0.04453125
2 0.9796875 0.3390625 0.03984375 0.0828125
2 0.30546875 0.22734375 0.040625 0.03984375
2 0.2296875 0.384375 0.05546875 0.04921875
4 0.24375 0.3546875 0.02421875 0.04296875
5 0.9078125 0.084375 0.0109375 0.0234375
3 0.70625 0.47265625 0.04140625 0.0609375
2 0.1859375 0.20625 0.0515625 0.03203125
2 0.51796875 0.21640625 0.04765625 0.053125
2 0.46015625 0.1546875 0.02265625 0.0328125
2 0.42734375 0.15546875 0.025 0.03203125
5 0.62265625 0.05546875 0.0140625 0.01796875
4 0.73125 0.3015625 0.021875 0.07578125
5 0.82109375 0.05625 0.01328125 0.01484375
5 0.30390625 0.071875 0.009375 0.01328125