1 0.6125 0.4578125 0.3203125 0.38125
2 0.7796875 0.378125 0.09765625 0.0953125
2 0.9328125 0.425 0.13359375 0.103125
2 0.946875 0.53125 0.10546875 0.14921875
2 0.40390625 0.43203125 0.0609375 0.09921875
2 0.68125 0.36796875 0.0828125 0.075
2 0.96796875 0.18671875 0.05859375 0.03984375
1 0.30390625 0.3796875 0.04921875 0.11875
2 0.98203125 0.215625 0.03359375 0.0421875
2 0.6421875 0.3140625 0.08671875 0.06875
2 0.3796875 0.3375 0.0484375 0.071875
5 0.25859375 0.23203125 0.05546875 0.05234375
2 0.571875 0.253125 0.053125 0.059375
5 0.50859375 0.0578125 0.01328125 0.01796875
5 0.6859375 0.0546875 0.01328125 0.01875
2 0.309375 0.2921875 0.03515625 0.05625
2 0.290625 0.25546875 0.0375 0.05234375
3 0.228125 0.38515625 0.05 0.05
2 0.9796875 0.31328125 0.040625 0.1203125
2 0.3515625 0.2671875 0.0375 0.05703125
1 0.36953125 0.14609375 0.053125 0.06328125
2 0.97734375 0.2015625 0.04375 0.05625
2 0.11640625 0.2203125 0.05625 0.04375
2 0.66484375 0.35 0.1140625 0.121875
5 0.621875 0.06171875 0.01484375 0.025
2 0.4875 0.23125 0.03671875 0.05703125
4 0.24453125 0.35234375 0.02734375 0.0421875
5 0.82109375 0.06015625 0.01171875 0.01328125
2 0.32109375 0.240625 0.04375 0.04375
2 0.51640625 0.21484375 0.04375 0.05546875
2 0.978125 0.33046875 0.03984375 0.06328125
5 0.30390625 0.07265625 0.01171875 0.01484375
3 0.234375 0.37109375 0.05390625 0.06953125
5 0.9078125 0.0859375 0.0109375 0.02265625