2 0.88984375 0.56875 0.16640625 0.14140625
2 0.303125 0.57578125 0.07109375 0.125
2 0.9671875 0.190625 0.059375 0.04296875
2 0.309375 0.4140625 0.05078125 0.09375
2 0.68125 0.3234375 0.0828125 0.08125
2 0.740625 0.403125 0.0828125 0.0890625
2 0.396875 0.40390625 0.05 0.0953125
2 0.59609375 0.31953125 0.07578125 0.09453125
2 0.98125 0.21953125 0.03515625 0.04609375
2 0.2609375 0.240625 0.05 0.0453125
2 0.38359375 0.3234375 0.04140625 0.06484375
5 0.62265625 0.06484375 0.0125 0.02109375
2 0.978125 0.31796875 0.04375 0.1328125
3 0.234375 0.3875 0.06015625 0.04921875
4 0.89140625 0.2828125 0.01640625 0.053125
2 0.8109375 0.39453125 0.0765625 0.0765625
3 0.7375 0.5265625 0.05 0.06875
5 0.68671875 0.0625 0.0125 0.01796875
2 0.5203125 0.2765625 0.053125 0.06796875
5 0.821875 0.065625 0.01015625 0.01328125
5 0.90703125 0.08828125 0.0125 0.021875
2 0.36015625 0.278125 0.04140625 0.0453125
4 0.88828125 0.29453125 0.01484375 0.046875
4 0.12890625 0.23046875 0.02734375 0.034375
3 0.6734375 0.41796875 0.03828125 0.096875