2 0.82109375 0.5296875 0.146875 0.1359375
2 0.2890625 0.6546875 0.0859375 0.15
2 0.8546875 0.43359375 0.14296875 0.171875
2 0.15234375 0.23046875 0.05703125 0.0375
2 0.7125 0.3859375 0.0765625 0.08125
2 0.9671875 0.18828125 0.059375 0.04140625
2 0.3015625 0.4578125 0.06015625 0.10390625
2 0.971875 0.4625 0.05546875 0.0859375
2 0.3984375 0.4421875 0.053125 0.1125
2 0.6671875 0.3140625 0.07890625 0.08203125
2 0.38984375 0.34609375 0.03984375 0.059375
2 0.58125 0.31484375 0.071875 0.08515625
2 0.98125 0.21953125 0.0359375 0.046875
5 0.3828125 0.23046875 0.0265625 0.053125
2 0.50625 0.27109375 0.0546875 0.05703125
2 0.97890625 0.31640625 0.0421875 0.1234375
2 0.3671875 0.29296875 0.03984375 0.05390625
5 0.62265625 0.065625 0.01328125 0.021875
3 0.234375 0.38828125 0.059375 0.046875
2 0.30625 0.3421875 0.0453125 0.0765625
2 0.778125 0.37578125 0.06328125 0.065625
1 0.3625 0.1546875 0.0390625 0.059375
2 0.453125 0.240625 0.03984375 0.0546875
4 0.871875 0.26484375 0.015625 0.05
5 0.30390625 0.07734375 0.0109375 0.01875
2 0.39609375 0.16328125 0.02265625 0.02890625
2 0.675 0.46015625 0.03984375 0.0734375
5 0.82109375 0.06484375 0.01015625 0.01328125
2 0.47890625 0.31171875 0.034375 0.065625
2 0.2796875 0.2484375 0.04609375 0.0421875
2 0.58203125 0.28984375 0.06796875 0.071875
2 0.6140625 0.38046875 0.03515625 0.0703125
2 0.30390625 0.278125 0.03984375 0.05234375
4 0.2375 0.3578125 0.028125 0.0359375
5 0.68671875 0.0640625 0.01328125 0.02109375
2 0.51171875 0.24375 0.05390625 0.0546875
5 0.90703125 0.0875 0.01328125 0.02265625
4 0.94453125 0.38046875 0.02265625 0.04296875
2 0.90546875 0.1625 0.05625 0.034375
3 0.2390625 0.36875 0.0453125 0.05859375
5 0.821875 0.0609375 0.01171875 0.0125
2 0.5640625 0.24609375 0.05078125 0.0515625
2 0.03203125 0.23046875 0.0640625 0.03203125