2 0.21484375 0.81328125 0.14609375 0.29921875
2 0.41328125 0.6375 0.0765625 0.15078125
2 0.8921875 0.4328125 0.125 0.1015625
2 0.73515625 0.34921875 0.09375 0.09140625
2 0.31796875 0.46796875 0.05703125 0.1015625
2 0.63515625 0.35 0.084375 0.07734375
2 0.965625 0.18984375 0.05859375 0.04140625
2 0.8265625 0.4484375 0.0953125 0.10390625
2 0.20078125 0.234375 0.05703125 0.0421875
2 0.39609375 0.94921875 0.12265625 0.0984375
2 0.98203125 0.21875 0.034375 0.0453125
2 0.30078125 0.29140625 0.04296875 0.0578125
2 0.38671875 0.35625 0.0453125 0.071875
2 0.28671875 0.25078125 0.04375 0.046875
2 0.31171875 0.3515625 0.04375 0.07265625
2 0.54765625 0.28359375 0.06484375 0.09140625
3 0.9546875 0.646875 0.0859375 0.08515625
3 0.940625 0.34140625 0.02578125 0.06484375
5 0.821875 0.0609375 0.01328125 0.0140625
5 0.30390625 0.0765625 0.0109375 0.01875
2 0.48359375 0.265625 0.04140625 0.05546875
3 0.93671875 0.35625 0.021875 0.0359375
3 0.81015625 0.49140625 0.06015625 0.09140625
2 0.97890625 0.31875 0.0421875 0.12421875
3 0.2328125 0.38984375 0.0484375 0.04375
5 0.62265625 0.06484375 0.0125 0.01953125
2 0.34921875 0.26171875 0.0390625 0.0484375
5 0.90703125 0.08671875 0.0125 0.02109375
4 0.23359375 0.359375 0.0234375 0.03671875
1 0.365625 0.14921875 0.0453125 0.06640625
2 0.03203125 0.22734375 0.0640625 0.0296875
2 0.6234375 0.2953125 0.0609375 0.05703125
4 0.9578125 0.59140625 0.03828125 0.04921875
4 0.95703125 0.60546875 0.04921875 0.07578125