2 0.93359375 0.5984375 0.13203125 0.1578125
2 0.3078125 0.51953125 0.06640625 0.1140625
2 0.70546875 0.334375 0.0875 0.0890625
1 0.9421875 0.47421875 0.115625 0.1890625
2 0.846875 0.41484375 0.0921875 0.09765625
2 0.7734375 0.42109375 0.09453125 0.0953125
2 0.96640625 0.18828125 0.05859375 0.04140625
2 0.615625 0.34140625 0.0796875 0.07421875
2 0.30234375 0.30625 0.040625 0.059375
2 0.98125 0.21953125 0.03515625 0.0453125
3 0.82265625 0.58203125 0.06796875 0.078125
2 0.3921875 0.375 0.04765625 0.0890625
2 0.2953125 0.25859375 0.04140625 0.046875
2 0.31171875 0.3859375 0.04609375 0.07734375
3 0.7328125 0.45703125 0.04921875 0.0734375
2 0.38046875 0.30625 0.03828125 0.046875
2 0.97890625 0.32109375 0.0421875 0.11875
2 0.53125 0.2875 0.05859375 0.06953125
5 0.821875 0.0609375 0.0125 0.0140625
5 0.621875 0.06484375 0.01171875 0.0203125
2 0.23125 0.23828125 0.053125 0.03828125
3 0.23515625 0.38828125 0.05390625 0.04453125
5 0.41015625 0.25625 0.02109375 0.05625
5 0.3046875 0.0765625 0.01171875 0.01875
2 0.35703125 0.26875 0.0390625 0.05078125
4 0.82421875 0.5390625 0.0421875 0.06484375
4 0.90859375 0.30625 0.0171875 0.053125
5 0.90703125 0.0875 0.0125 0.021875
4 0.74453125 0.2109375 0.01328125 0.03671875